LAB1 1
name "Upper triangular system (128 x 128)"
task 3
outcomes 0 0
limits 1e-12 1e-09 0.05 40
A 128 128
3 -0.125 0 0.125 0.25 -0.25 -0.125 0 0.125 0.25 -0.25 -0.125 0 0.125 0.25 -0.25 -0.125 0 0.125 0.25 -0.25 -0.125 0 0.125 0.25 -0.25 -0.125 0 0.125 0.25 -0.25 -0.125 0 0.125 0.25 -0.25 -0.125 0 0.125 0.25 -0.25 -0.125 0 0.125 0.25 -0.25 -0.125 0 0.125 0.25 -0.25 -0.125 0 0.125 0.25 -0.25 -0.125 0 0.125 0.25 -0.25 -0.125 0 0.125 0.25 -0.25 -0.125 0 0.125 0.25 -0.25 -0.125 0 0.125 0.25 -0.25 -0.125 0 0.125 0.25 -0.25 -0.125 0 0.125 0.25 -0.25 -0.125 0 0.125 0.25 -0.25 -0.125 0 0.125 0.25 -0.25 -0.125 0 0.125 0.25 -0.25 -0.125 0 0.125 0.25 -0.25 -0.125 0 0.125 0.25 -0.25 -0.125 0 0.125 0.25 -0.25 -0.125 0 0.125 0.25 -0.25 -0.125 0 0.125 0.25 -0.25 -0.125 0
0 -2 0.125 0.25 -0.25 -0.125 0 0.125 0.25 -0.25 -0.125 0 0.125 0.25 -0.25 -0.125 0 0.125 0.25 -0.25 -0.125 0 0.125 0.25 -0.25 -0.125 0 0.125 0.25 -0.25 -0.125 0 0.125 0.25 -0.25 -0.125 0 0.125 0.25 -0.25 -0.125 0 0.125 0.25 -0.25 -0.125 0 0.125 0.25 -0.25 -0.125 0 0.125 0.25 -0.25 -0.125 0 0.125 0.25 -0.25 -0.125 0 0.125 0.25 -0.25 -0.125 0 0.125 0.25 -0.25 -0.125 0 0.125 0.25 -0.25 -0.125 0 0.125 0.25 -0.25 -0.125 0 0.125 0.25 -0.25 -0.125 0 0.125 0.25 -0.25 -0.125 0 0.125 0.25 -0.25 -0.125 0 0.125 0.25 -0.25 -0.125 0 0.125 0.25 -0.25 -0.125 0 0.125 0.25 -0.25 -0.125 0 0.125 0.25 -0.25 -0.125 0 0.125 0.25 -0.25 -0.125 0 0.125 0.25 -0.25 -0.125 0 0.125
0 0 3 -0.25 -0.125 0 0.125 0.25 -0.25 -0.125 0 0.125 0.25 -0.25 -0.125 0 0.125 0.25 -0.25 -0.125 0 0.125 0.25 -0.25 -0.125 0 0.125 0.25 -0.25 -0.125 0 0.125 0.25 -0.25 -0.125 0 0.125 0.25 -0.25 -0.125 0 0.125 0.25 -0.25 -0.125 0 0.125 0.25 -0.25 -0.125 0 0.125 0.25 -0.25 -0.125 0 0.125 0.25 -0.25 -0.125 0 0.125 0.25 -0.25 -0.125 0 0.125 0.25 -0.25 -0.125 0 0.125 0.25 -0.25 -0.125 0 0.125 0.25 -0.25 -0.125 0 0.125 0.25 -0.25 -0.125 0 0.125 0.25 -0.25 -0.125 0 0.125 0.25 -0.25 -0.125 0 0.125 0.25 -0.25 -0.125 0 0.125 0.25 -0.25 -0.125 0 0.125 0.25 -0.25 -0.125 0 0.125 0.25 -0.25 -0.125 0 0.125 0.25 -0.25 -0.125 0 0.125 0.25 -0.25 -0.125 0 0.125 0.25
0 0 0 -2 0 0.125 0.25 -0.25 -0.125 0 0.125 0.25 -0.25 -0.125 0 0.125 0.25 -0.25 -0.125 0 0.125 0.25 -0.25 -0.125 0 0.125 0.25 -0.25 -0.125 0 0.125 0.25 -0.25 -0.125 0 0.125 0.25 -0.25 -0.125 0 0.125 0.25 -0.25 -0.125 0 0.125 0.25 -0.25 -0.125 0 0.125 0.25 -0.25 -0.125 0 0.125 0.25 -0.25 -0.125 0 0.125 0.25 -0.25 -0.125 0 0.125 0.25 -0.25 -0.125 0 0.125 0.25 -0.25 -0.125 0 0.125 0.25 -0.25 -0.125 0 0.125 0.25 -0.25 -0.125 0 0.125 0.25 -0.25 -0.125 0 0.125 0.25 -0.25 -0.125 0 0.125 0.25 -0.25 -0.125 0 0.125 0.25 -0.25 -0.125 0 0.125 0.25 -0.25 -0.125 0 0.125 0.25 -0.25 -0.125 0 0.125 0.25 -0.25 -0.125 0 0.125 0.25 -0.25 -0.125 0 0.125 0.25 -0.25
0 0 0 0 3 0.25 -0.25 -0.125 0 0.125 0.25 -0.25 -0.125 0 0.125 0.25 -0.25 -0.125 0 0.125 0.25 -0.25 -0.125 0 0.125 0.25 -0.25 -0.125 0 0.125 0.25 -0.25 -0.125 0 0.125 0.25 -0.25 -0.125 0 0.125 0.25 -0.25 -0.125 0 0.125 0.25 -0.25 -0.125 0 0.125 0.25 -0.25 -0.125 0 0.125 0.25 -0.25 -0.125 0 0.125 0.25 -0.25 -0.125 0 0.125 0.25 -0.25 -0.125 0 0.125 0.25 -0.25 -0.125 0 0.125 0.25 -0.25 -0.125 0 0.125 0.25 -0.25 -0.125 0 0.125 0.25 -0.25 -0.125 0 0.125 0.25 -0.25 -0.125 0 0.125 0.25 -0.25 -0.125 0 0.125 0.25 -0.25 -0.125 0 0.125 0.25 -0.25 -0.125 0 0.125 0.25 -0.25 -0.125 0 0.125 0.25 -0.25 -0.125 0 0.125 0.25 -0.25 -0.125 0 0.125 0.25 -0.25 -0.125
0 0 0 0 0 -2 -0.125 0 0.125 0.25 -0.25 -0.125 0 0.125 0.25 -0.25 -0.125 0 0.125 0.25 -0.25 -0.125 0 0.125 0.25 -0.25 -0.125 0 0.125 0.25 -0.25 -0.125 0 0.125 0.25 -0.25 -0.125 0 0.125 0.25 -0.25 -0.125 0 0.125 0.25 -0.25 -0.125 0 0.125 0.25 -0.25 -0.125 0 0.125 0.25 -0.25 -0.125 0 0.125 0.25 -0.25 -0.125 0 0.125 0.25 -0.25 -0.125 0 0.125 0.25 -0.25 -0.125 0 0.125 0.25 -0.25 -0.125 0 0.125 0.25 -0.25 -0.125 0 0.125 0.25 -0.25 -0.125 0 0.125 0.25 -0.25 -0.125 0 0.125 0.25 -0.25 -0.125 0 0.125 0.25 -0.25 -0.125 0 0.125 0.25 -0.25 -0.125 0 0.125 0.25 -0.25 -0.125 0 0.125 0.25 -0.25 -0.125 0 0.125 0.25 -0.25 -0.125 0 0.125 0.25 -0.25 -0.125 0
0 0 0 0 0 0 3 0.125 0.25 -0.25 -0.125 0 0.125 0.25 -0.25 -0.125 0 0.125 0.25 -0.25 -0.125 0 0.125 0.25 -0.25 -0.125 0 0.125 0.25 -0.25 -0.125 0 0.125 0.25 -0.25 -0.125 0 0.125 0.25 -0.25 -0.125 0 0.125 0.25 -0.25 -0.125 0 0.125 0.25 -0.25 -0.125 0 0.125 0.25 -0.25 -0.125 0 0.125 0.25 -0.25 -0.125 0 0.125 0.25 -0.25 -0.125 0 0.125 0.25 -0.25 -0.125 0 0.125 0.25 -0.25 -0.125 0 0.125 0.25 -0.25 -0.125 0 0.125 0.25 -0.25 -0.125 0 0.125 0.25 -0.25 -0.125 0 0.125 0.25 -0.25 -0.125 0 0.125 0.25 -0.25 -0.125 0 0.125 0.25 -0.25 -0.125 0 0.125 0.25 -0.25 -0.125 0 0.125 0.25 -0.25 -0.125 0 0.125 0.25 -0.25 -0.125 0 0.125 0.25 -0.25 -0.125 0 0.125
0 0 0 0 0 0 0 -2 -0.25 -0.125 0 0.125 0.25 -0.25 -0.125 0 0.125 0.25 -0.25 -0.125 0 0.125 0.25 -0.25 -0.125 0 0.125 0.25 -0.25 -0.125 0 0.125 0.25 -0.25 -0.125 0 0.125 0.25 -0.25 -0.125 0 0.125 0.25 -0.25 -0.125 0 0.125 0.25 -0.25 -0.125 0 0.125 0.25 -0.25 -0.125 0 0.125 0.25 -0.25 -0.125 0 0.125 0.25 -0.25 -0.125 0 0.125 0.25 -0.25 -0.125 0 0.125 0.25 -0.25 -0.125 0 0.125 0.25 -0.25 -0.125 0 0.125 0.25 -0.25 -0.125 0 0.125 0.25 -0.25 -0.125 0 0.125 0.25 -0.25 -0.125 0 0.125 0.25 -0.25 -0.125 0 0.125 0.25 -0.25 -0.125 0 0.125 0.25 -0.25 -0.125 0 0.125 0.25 -0.25 -0.125 0 0.125 0.25 -0.25 -0.125 0 0.125 0.25 -0.25 -0.125 0 0.125 0.25
0 0 0 0 0 0 0 0 3 0 0.125 0.25 -0.25 -0.125 0 0.125 0.25 -0.25 -0.125 0 0.125 0.25 -0.25 -0.125 0 0.125 0.25 -0.25 -0.125 0 0.125 0.25 -0.25 -0.125 0 0.125 0.25 -0.25 -0.125 0 0.125 0.25 -0.25 -0.125 0 0.125 0.25 -0.25 -0.125 0 0.125 0.25 -0.25 -0.125 0 0.125 0.25 -0.25 -0.125 0 0.125 0.25 -0.25 -0.125 0 0.125 0.25 -0.25 -0.125 0 0.125 0.25 -0.25 -0.125 0 0.125 0.25 -0.25 -0.125 0 0.125 0.25 -0.25 -0.125 0 0.125 0.25 -0.25 -0.125 0 0.125 0.25 -0.25 -0.125 0 0.125 0.25 -0.25 -0.125 0 0.125 0.25 -0.25 -0.125 0 0.125 0.25 -0.25 -0.125 0 0.125 0.25 -0.25 -0.125 0 0.125 0.25 -0.25 -0.125 0 0.125 0.25 -0.25 -0.125 0 0.125 0.25 -0.25
0 0 0 0 0 0 0 0 0 -2 0.25 -0.25 -0.125 0 0.125 0.25 -0.25 -0.125 0 0.125 0.25 -0.25 -0.125 0 0.125 0.25 -0.25 -0.125 0 0.125 0.25 -0.25 -0.125 0 0.125 0.25 -0.25 -0.125 0 0.125 0.25 -0.25 -0.125 0 0.125 0.25 -0.25 -0.125 0 0.125 0.25 -0.25 -0.125 0 0.125 0.25 -0.25 -0.125 0 0.125 0.25 -0.25 -0.125 0 0.125 0.25 -0.25 -0.125 0 0.125 0.25 -0.25 -0.125 0 0.125 0.25 -0.25 -0.125 0 0.125 0.25 -0.25 -0.125 0 0.125 0.25 -0.25 -0.125 0 0.125 0.25 -0.25 -0.125 0 0.125 0.25 -0.25 -0.125 0 0.125 0.25 -0.25 -0.125 0 0.125 0.25 -0.25 -0.125 0 0.125 0.25 -0.25 -0.125 0 0.125 0.25 -0.25 -0.125 0 0.125 0.25 -0.25 -0.125 0 0.125 0.25 -0.25 -0.125
0 0 0 0 0 0 0 0 0 0 3 -0.125 0 0.125 0.25 -0.25 -0.125 0 0.125 0.25 -0.25 -0.125 0 0.125 0.25 -0.25 -0.125 0 0.125 0.25 -0.25 -0.125 0 0.125 0.25 -0.25 -0.125 0 0.125 0.25 -0.25 -0.125 0 0.125 0.25 -0.25 -0.125 0 0.125 0.25 -0.25 -0.125 0 0.125 0.25 -0.25 -0.125 0 0.125 0.25 -0.25 -0.125 0 0.125 0.25 -0.25 -0.125 0 0.125 0.25 -0.25 -0.125 0 0.125 0.25 -0.25 -0.125 0 0.125 0.25 -0.25 -0.125 0 0.125 0.25 -0.25 -0.125 0 0.125 0.25 -0.25 -0.125 0 0.125 0.25 -0.25 -0.125 0 0.125 0.25 -0.25 -0.125 0 0.125 0.25 -0.25 -0.125 0 0.125 0.25 -0.25 -0.125 0 0.125 0.25 -0.25 -0.125 0 0.125 0.25 -0.25 -0.125 0 0.125 0.25 -0.25 -0.125 0
0 0 0 0 0 0 0 0 0 0 0 -2 0.125 0.25 -0.25 -0.125 0 0.125 0.25 -0.25 -0.125 0 0.125 0.25 -0.25 -0.125 0 0.125 0.25 -0.25 -0.125 0 0.125 0.25 -0.25 -0.125 0 0.125 0.25 -0.25 -0.125 0 0.125 0.25 -0.25 -0.125 0 0.125 0.25 -0.25 -0.125 0 0.125 0.25 -0.25 -0.125 0 0.125 0.25 -0.25 -0.125 0 0.125 0.25 -0.25 -0.125 0 0.125 0.25 -0.25 -0.125 0 0.125 0.25 -0.25 -0.125 0 0.125 0.25 -0.25 -0.125 0 0.125 0.25 -0.25 -0.125 0 0.125 0.25 -0.25 -0.125 0 0.125 0.25 -0.25 -0.125 0 0.125 0.25 -0.25 -0.125 0 0.125 0.25 -0.25 -0.125 0 0.125 0.25 -0.25 -0.125 0 0.125 0.25 -0.25 -0.125 0 0.125 0.25 -0.25 -0.125 0 0.125 0.25 -0.25 -0.125 0 0.125
0 0 0 0 0 0 0 0 0 0 0 0 3 -0.25 -0.125 0 0.125 0.25 -0.25 -0.125 0 0.125 0.25 -0.25 -0.125 0 0.125 0.25 -0.25 -0.125 0 0.125 0.25 -0.25 -0.125 0 0.125 0.25 -0.25 -0.125 0 0.125 0.25 -0.25 -0.125 0 0.125 0.25 -0.25 -0.125 0 0.125 0.25 -0.25 -0.125 0 0.125 0.25 -0.25 -0.125 0 0.125 0.25 -0.25 -0.125 0 0.125 0.25 -0.25 -0.125 0 0.125 0.25 -0.25 -0.125 0 0.125 0.25 -0.25 -0.125 0 0.125 0.25 -0.25 -0.125 0 0.125 0.25 -0.25 -0.125 0 0.125 0.25 -0.25 -0.125 0 0.125 0.25 -0.25 -0.125 0 0.125 0.25 -0.25 -0.125 0 0.125 0.25 -0.25 -0.125 0 0.125 0.25 -0.25 -0.125 0 0.125 0.25 -0.25 -0.125 0 0.125 0.25 -0.25 -0.125 0 0.125 0.25
0 0 0 0 0 0 0 0 0 0 0 0 0 -2 0 0.125 0.25 -0.25 -0.125 0 0.125 0.25 -0.25 -0.125 0 0.125 0.25 -0.25 -0.125 0 0.125 0.25 -0.25 -0.125 0 0.125 0.25 -0.25 -0.125 0 0.125 0.25 -0.25 -0.125 0 0.125 0.25 -0.25 -0.125 0 0.125 0.25 -0.25 -0.125 0 0.125 0.25 -0.25 -0.125 0 0.125 0.25 -0.25 -0.125 0 0.125 0.25 -0.25 -0.125 0 0.125 0.25 -0.25 -0.125 0 0.125 0.25 -0.25 -0.125 0 0.125 0.25 -0.25 -0.125 0 0.125 0.25 -0.25 -0.125 0 0.125 0.25 -0.25 -0.125 0 0.125 0.25 -0.25 -0.125 0 0.125 0.25 -0.25 -0.125 0 0.125 0.25 -0.25 -0.125 0 0.125 0.25 -0.25 -0.125 0 0.125 0.25 -0.25 -0.125 0 0.125 0.25 -0.25 -0.125 0 0.125 0.25 -0.25
0 0 0 0 0 0 0 0 0 0 0 0 0 0 3 0.25 -0.25 -0.125 0 0.125 0.25 -0.25 -0.125 0 0.125 0.25 -0.25 -0.125 0 0.125 0.25 -0.25 -0.125 0 0.125 0.25 -0.25 -0.125 0 0.125 0.25 -0.25 -0.125 0 0.125 0.25 -0.25 -0.125 0 0.125 0.25 -0.25 -0.125 0 0.125 0.25 -0.25 -0.125 0 0.125 0.25 -0.25 -0.125 0 0.125 0.25 -0.25 -0.125 0 0.125 0.25 -0.25 -0.125 0 0.125 0.25 -0.25 -0.125 0 0.125 0.25 -0.25 -0.125 0 0.125 0.25 -0.25 -0.125 0 0.125 0.25 -0.25 -0.125 0 0.125 0.25 -0.25 -0.125 0 0.125 0.25 -0.25 -0.125 0 0.125 0.25 -0.25 -0.125 0 0.125 0.25 -0.25 -0.125 0 0.125 0.25 -0.25 -0.125 0 0.125 0.25 -0.25 -0.125 0 0.125 0.25 -0.25 -0.125
0 0 0 0 0 0 0 0 0 0 0 0 0 0 0 -2 -0.125 0 0.125 0.25 -0.25 -0.125 0 0.125 0.25 -0.25 -0.125 0 0.125 0.25 -0.25 -0.125 0 0.125 0.25 -0.25 -0.125 0 0.125 0.25 -0.25 -0.125 0 0.125 0.25 -0.25 -0.125 0 0.125 0.25 -0.25 -0.125 0 0.125 0.25 -0.25 -0.125 0 0.125 0.25 -0.25 -0.125 0 0.125 0.25 -0.25 -0.125 0 0.125 0.25 -0.25 -0.125 0 0.125 0.25 -0.25 -0.125 0 0.125 0.25 -0.25 -0.125 0 0.125 0.25 -0.25 -0.125 0 0.125 0.25 -0.25 -0.125 0 0.125 0.25 -0.25 -0.125 0 0.125 0.25 -0.25 -0.125 0 0.125 0.25 -0.25 -0.125 0 0.125 0.25 -0.25 -0.125 0 0.125 0.25 -0.25 -0.125 0 0.125 0.25 -0.25 -0.125 0 0.125 0.25 -0.25 -0.125 0
0 0 0 0 0 0 0 0 0 0 0 0 0 0 0 0 3 0.125 0.25 -0.25 -0.125 0 0.125 0.25 -0.25 -0.125 0 0.125 0.25 -0.25 -0.125 0 0.125 0.25 -0.25 -0.125 0 0.125 0.25 -0.25 -0.125 0 0.125 0.25 -0.25 -0.125 0 0.125 0.25 -0.25 -0.125 0 0.125 0.25 -0.25 -0.125 0 0.125 0.25 -0.25 -0.125 0 0.125 0.25 -0.25 -0.125 0 0.125 0.25 -0.25 -0.125 0 0.125 0.25 -0.25 -0.125 0 0.125 0.25 -0.25 -0.125 0 0.125 0.25 -0.25 -0.125 0 0.125 0.25 -0.25 -0.125 0 0.125 0.25 -0.25 -0.125 0 0.125 0.25 -0.25 -0.125 0 0.125 0.25 -0.25 -0.125 0 0.125 0.25 -0.25 -0.125 0 0.125 0.25 -0.25 -0.125 0 0.125 0.25 -0.25 -0.125 0 0.125 0.25 -0.25 -0.125 0 0.125
0 0 0 0 0 0 0 0 0 0 0 0 0 0 0 0 0 -2 -0.25 -0.125 0 0.125 0.25 -0.25 -0.125 0 0.125 0.25 -0.25 -0.125 0 0.125 0.25 -0.25 -0.125 0 0.125 0.25 -0.25 -0.125 0 0.125 0.25 -0.25 -0.125 0 0.125 0.25 -0.25 -0.125 0 0.125 0.25 -0.25 -0.125 0 0.125 0.25 -0.25 -0.125 0 0.125 0.25 -0.25 -0.125 0 0.125 0.25 -0.25 -0.125 0 0.125 0.25 -0.25 -0.125 0 0.125 0.25 -0.25 -0.125 0 0.125 0.25 -0.25 -0.125 0 0.125 0.25 -0.25 -0.125 0 0.125 0.25 -0.25 -0.125 0 0.125 0.25 -0.25 -0.125 0 0.125 0.25 -0.25 -0.125 0 0.125 0.25 -0.25 -0.125 0 0.125 0.25 -0.25 -0.125 0 0.125 0.25 -0.25 -0.125 0 0.125 0.25 -0.25 -0.125 0 0.125 0.25
0 0 0 0 0 0 0 0 0 0 0 0 0 0 0 0 0 0 3 0 0.125 0.25 -0.25 -0.125 0 0.125 0.25 -0.25 -0.125 0 0.125 0.25 -0.25 -0.125 0 0.125 0.25 -0.25 -0.125 0 0.125 0.25 -0.25 -0.125 0 0.125 0.25 -0.25 -0.125 0 0.125 0.25 -0.25 -0.125 0 0.125 0.25 -0.25 -0.125 0 0.125 0.25 -0.25 -0.125 0 0.125 0.25 -0.25 -0.125 0 0.125 0.25 -0.25 -0.125 0 0.125 0.25 -0.25 -0.125 0 0.125 0.25 -0.25 -0.125 0 0.125 0.25 -0.25 -0.125 0 0.125 0.25 -0.25 -0.125 0 0.125 0.25 -0.25 -0.125 0 0.125 0.25 -0.25 -0.125 0 0.125 0.25 -0.25 -0.125 0 0.125 0.25 -0.25 -0.125 0 0.125 0.25 -0.25 -0.125 0 0.125 0.25 -0.25 -0.125 0 0.125 0.25 -0.25
0 0 0 0 0 0 0 0 0 0 0 0 0 0 0 0 0 0 0 -2 0.25 -0.25 -0.125 0 0.125 0.25 -0.25 -0.125 0 0.125 0.25 -0.25 -0.125 0 0.125 0.25 -0.25 -0.125 0 0.125 0.25 -0.25 -0.125 0 0.125 0.25 -0.25 -0.125 0 0.125 0.25 -0.25 -0.125 0 0.125 0.25 -0.25 -0.125 0 0.125 0.25 -0.25 -0.125 0 0.125 0.25 -0.25 -0.125 0 0.125 0.25 -0.25 -0.125 0 0.125 0.25 -0.25 -0.125 0 0.125 0.25 -0.25 -0.125 0 0.125 0.25 -0.25 -0.125 0 0.125 0.25 -0.25 -0.125 0 0.125 0.25 -0.25 -0.125 0 0.125 0.25 -0.25 -0.125 0 0.125 0.25 -0.25 -0.125 0 0.125 0.25 -0.25 -0.125 0 0.125 0.25 -0.25 -0.125 0 0.125 0.25 -0.25 -0.125 0 0.125 0.25 -0.25 -0.125
0 0 0 0 0 0 0 0 0 0 0 0 0 0 0 0 0 0 0 0 3 -0.125 0 0.125 0.25 -0.25 -0.125 0 0.125 0.25 -0.25 -0.125 0 0.125 0.25 -0.25 -0.125 0 0.125 0.25 -0.25 -0.125 0 0.125 0.25 -0.25 -0.125 0 0.125 0.25 -0.25 -0.125 0 0.125 0.25 -0.25 -0.125 0 0.125 0.25 -0.25 -0.125 0 0.125 0.25 -0.25 -0.125 0 0.125 0.25 -0.25 -0.125 0 0.125 0.25 -0.25 -0.125 0 0.125 0.25 -0.25 -0.125 0 0.125 0.25 -0.25 -0.125 0 0.125 0.25 -0.25 -0.125 0 0.125 0.25 -0.25 -0.125 0 0.125 0.25 -0.25 -0.125 0 0.125 0.25 -0.25 -0.125 0 0.125 0.25 -0.25 -0.125 0 0.125 0.25 -0.25 -0.125 0 0.125 0.25 -0.25 -0.125 0 0.125 0.25 -0.25 -0.125 0
0 0 0 0 0 0 0 0 0 0 0 0 0 0 0 0 0 0 0 0 0 -2 0.125 0.25 -0.25 -0.125 0 0.125 0.25 -0.25 -0.125 0 0.125 0.25 -0.25 -0.125 0 0.125 0.25 -0.25 -0.125 0 0.125 0.25 -0.25 -0.125 0 0.125 0.25 -0.25 -0.125 0 0.125 0.25 -0.25 -0.125 0 0.125 0.25 -0.25 -0.125 0 0.125 0.25 -0.25 -0.125 0 0.125 0.25 -0.25 -0.125 0 0.125 0.25 -0.25 -0.125 0 0.125 0.25 -0.25 -0.125 0 0.125 0.25 -0.25 -0.125 0 0.125 0.25 -0.25 -0.125 0 0.125 0.25 -0.25 -0.125 0 0.125 0.25 -0.25 -0.125 0 0.125 0.25 -0.25 -0.125 0 0.125 0.25 -0.25 -0.125 0 0.125 0.25 -0.25 -0.125 0 0.125 0.25 -0.25 -0.125 0 0.125 0.25 -0.25 -0.125 0 0.125
0 0 0 0 0 0 0 0 0 0 0 0 0 0 0 0 0 0 0 0 0 0 3 -0.25 -0.125 0 0.125 0.25 -0.25 -0.125 0 0.125 0.25 -0.25 -0.125 0 0.125 0.25 -0.25 -0.125 0 0.125 0.25 -0.25 -0.125 0 0.125 0.25 -0.25 -0.125 0 0.125 0.25 -0.25 -0.125 0 0.125 0.25 -0.25 -0.125 0 0.125 0.25 -0.25 -0.125 0 0.125 0.25 -0.25 -0.125 0 0.125 0.25 -0.25 -0.125 0 0.125 0.25 -0.25 -0.125 0 0.125 0.25 -0.25 -0.125 0 0.125 0.25 -0.25 -0.125 0 0.125 0.25 -0.25 -0.125 0 0.125 0.25 -0.25 -0.125 0 0.125 0.25 -0.25 -0.125 0 0.125 0.25 -0.25 -0.125 0 0.125 0.25 -0.25 -0.125 0 0.125 0.25 -0.25 -0.125 0 0.125 0.25 -0.25 -0.125 0 0.125 0.25
0 0 0 0 0 0 0 0 0 0 0 0 0 0 0 0 0 0 0 0 0 0 0 -2 0 0.125 0.25 -0.25 -0.125 0 0.125 0.25 -0.25 -0.125 0 0.125 0.25 -0.25 -0.125 0 0.125 0.25 -0.25 -0.125 0 0.125 0.25 -0.25 -0.125 0 0.125 0.25 -0.25 -0.125 0 0.125 0.25 -0.25 -0.125 0 0.125 0.25 -0.25 -0.125 0 0.125 0.25 -0.25 -0.125 0 0.125 0.25 -0.25 -0.125 0 0.125 0.25 -0.25 -0.125 0 0.125 0.25 -0.25 -0.125 0 0.125 0.25 -0.25 -0.125 0 0.125 0.25 -0.25 -0.125 0 0.125 0.25 -0.25 -0.125 0 0.125 0.25 -0.25 -0.125 0 0.125 0.25 -0.25 -0.125 0 0.125 0.25 -0.25 -0.125 0 0.125 0.25 -0.25 -0.125 0 0.125 0.25 -0.25 -0.125 0 0.125 0.25 -0.25
0 0 0 0 0 0 0 0 0 0 0 0 0 0 0 0 0 0 0 0 0 0 0 0 3 0.25 -0.25 -0.125 0 0.125 0.25 -0.25 -0.125 0 0.125 0.25 -0.25 -0.125 0 0.125 0.25 -0.25 -0.125 0 0.125 0.25 -0.25 -0.125 0 0.125 0.25 -0.25 -0.125 0 0.125 0.25 -0.25 -0.125 0 0.125 0.25 -0.25 -0.125 0 0.125 0.25 -0.25 -0.125 0 0.125 0.25 -0.25 -0.125 0 0.125 0.25 -0.25 -0.125 0 0.125 0.25 -0.25 -0.125 0 0.125 0.25 -0.25 -0.125 0 0.125 0.25 -0.25 -0.125 0 0.125 0.25 -0.25 -0.125 0 0.125 0.25 -0.25 -0.125 0 0.125 0.25 -0.25 -0.125 0 0.125 0.25 -0.25 -0.125 0 0.125 0.25 -0.25 -0.125 0 0.125 0.25 -0.25 -0.125 0 0.125 0.25 -0.25 -0.125
0 0 0 0 0 0 0 0 0 0 0 0 0 0 0 0 0 0 0 0 0 0 0 0 0 -2 -0.125 0 0.125 0.25 -0.25 -0.125 0 0.125 0.25 -0.25 -0.125 0 0.125 0.25 -0.25 -0.125 0 0.125 0.25 -0.25 -0.125 0 0.125 0.25 -0.25 -0.125 0 0.125 0.25 -0.25 -0.125 0 0.125 0.25 -0.25 -0.125 0 0.125 0.25 -0.25 -0.125 0 0.125 0.25 -0.25 -0.125 0 0.125 0.25 -0.25 -0.125 0 0.125 0.25 -0.25 -0.125 0 0.125 0.25 -0.25 -0.125 0 0.125 0.25 -0.25 -0.125 0 0.125 0.25 -0.25 -0.125 0 0.125 0.25 -0.25 -0.125 0 0.125 0.25 -0.25 -0.125 0 0.125 0.25 -0.25 -0.125 0 0.125 0.25 -0.25 -0.125 0 0.125 0.25 -0.25 -0.125 0 0.125 0.25 -0.25 -0.125 0
0 0 0 0 0 0 0 0 0 0 0 0 0 0 0 0 0 0 0 0 0 0 0 0 0 0 3 0.125 0.25 -0.25 -0.125 0 0.125 0.25 -0.25 -0.125 0 0.125 0.25 -0.25 -0.125 0 0.125 0.25 -0.25 -0.125 0 0.125 0.25 -0.25 -0.125 0 0.125 0.25 -0.25 -0.125 0 0.125 0.25 -0.25 -0.125 0 0.125 0.25 -0.25 -0.125 0 0.125 0.25 -0.25 -0.125 0 0.125 0.25 -0.25 -0.125 0 0.125 0.25 -0.25 -0.125 0 0.125 0.25 -0.25 -0.125 0 0.125 0.25 -0.25 -0.125 0 0.125 0.25 -0.25 -0.125 0 0.125 0.25 -0.25 -0.125 0 0.125 0.25 -0.25 -0.125 0 0.125 0.25 -0.25 -0.125 0 0.125 0.25 -0.25 -0.125 0 0.125 0.25 -0.25 -0.125 0 0.125 0.25 -0.25 -0.125 0 0.125
0 0 0 0 0 0 0 0 0 0 0 0 0 0 0 0 0 0 0 0 0 0 0 0 0 0 0 -2 -0.25 -0.125 0 0.125 0.25 -0.25 -0.125 0 0.125 0.25 -0.25 -0.125 0 0.125 0.25 -0.25 -0.125 0 0.125 0.25 -0.25 -0.125 0 0.125 0.25 -0.25 -0.125 0 0.125 0.25 -0.25 -0.125 0 0.125 0.25 -0.25 -0.125 0 0.125 0.25 -0.25 -0.125 0 0.125 0.25 -0.25 -0.125 0 0.125 0.25 -0.25 -0.125 0 0.125 0.25 -0.25 -0.125 0 0.125 0.25 -0.25 -0.125 0 0.125 0.25 -0.25 -0.125 0 0.125 0.25 -0.25 -0.125 0 0.125 0.25 -0.25 -0.125 0 0.125 0.25 -0.25 -0.125 0 0.125 0.25 -0.25 -0.125 0 0.125 0.25 -0.25 -0.125 0 0.125 0.25 -0.25 -0.125 0 0.125 0.25
0 0 0 0 0 0 0 0 0 0 0 0 0 0 0 0 0 0 0 0 0 0 0 0 0 0 0 0 3 0 0.125 0.25 -0.25 -0.125 0 0.125 0.25 -0.25 -0.125 0 0.125 0.25 -0.25 -0.125 0 0.125 0.25 -0.25 -0.125 0 0.125 0.25 -0.25 -0.125 0 0.125 0.25 -0.25 -0.125 0 0.125 0.25 -0.25 -0.125 0 0.125 0.25 -0.25 -0.125 0 0.125 0.25 -0.25 -0.125 0 0.125 0.25 -0.25 -0.125 0 0.125 0.25 -0.25 -0.125 0 0.125 0.25 -0.25 -0.125 0 0.125 0.25 -0.25 -0.125 0 0.125 0.25 -0.25 -0.125 0 0.125 0.25 -0.25 -0.125 0 0.125 0.25 -0.25 -0.125 0 0.125 0.25 -0.25 -0.125 0 0.125 0.25 -0.25 -0.125 0 0.125 0.25 -0.25 -0.125 0 0.125 0.25 -0.25
0 0 0 0 0 0 0 0 0 0 0 0 0 0 0 0 0 0 0 0 0 0 0 0 0 0 0 0 0 -2 0.25 -0.25 -0.125 0 0.125 0.25 -0.25 -0.125 0 0.125 0.25 -0.25 -0.125 0 0.125 0.25 -0.25 -0.125 0 0.125 0.25 -0.25 -0.125 0 0.125 0.25 -0.25 -0.125 0 0.125 0.25 -0.25 -0.125 0 0.125 0.25 -0.25 -0.125 0 0.125 0.25 -0.25 -0.125 0 0.125 0.25 -0.25 -0.125 0 0.125 0.25 -0.25 -0.125 0 0.125 0.25 -0.25 -0.125 0 0.125 0.25 -0.25 -0.125 0 0.125 0.25 -0.25 -0.125 0 0.125 0.25 -0.25 -0.125 0 0.125 0.25 -0.25 -0.125 0 0.125 0.25 -0.25 -0.125 0 0.125 0.25 -0.25 -0.125 0 0.125 0.25 -0.25 -0.125 0 0.125 0.25 -0.25 -0.125
0 0 0 0 0 0 0 0 0 0 0 0 0 0 0 0 0 0 0 0 0 0 0 0 0 0 0 0 0 0 3 -0.125 0 0.125 0.25 -0.25 -0.125 0 0.125 0.25 -0.25 -0.125 0 0.125 0.25 -0.25 -0.125 0 0.125 0.25 -0.25 -0.125 0 0.125 0.25 -0.25 -0.125 0 0.125 0.25 -0.25 -0.125 0 0.125 0.25 -0.25 -0.125 0 0.125 0.25 -0.25 -0.125 0 0.125 0.25 -0.25 -0.125 0 0.125 0.25 -0.25 -0.125 0 0.125 0.25 -0.25 -0.125 0 0.125 0.25 -0.25 -0.125 0 0.125 0.25 -0.25 -0.125 0 0.125 0.25 -0.25 -0.125 0 0.125 0.25 -0.25 -0.125 0 0.125 0.25 -0.25 -0.125 0 0.125 0.25 -0.25 -0.125 0 0.125 0.25 -0.25 -0.125 0 0.125 0.25 -0.25 -0.125 0
0 0 0 0 0 0 0 0 0 0 0 0 0 0 0 0 0 0 0 0 0 0 0 0 0 0 0 0 0 0 0 -2 0.125 0.25 -0.25 -0.125 0 0.125 0.25 -0.25 -0.125 0 0.125 0.25 -0.25 -0.125 0 0.125 0.25 -0.25 -0.125 0 0.125 0.25 -0.25 -0.125 0 0.125 0.25 -0.25 -0.125 0 0.125 0.25 -0.25 -0.125 0 0.125 0.25 -0.25 -0.125 0 0.125 0.25 -0.25 -0.125 0 0.125 0.25 -0.25 -0.125 0 0.125 0.25 -0.25 -0.125 0 0.125 0.25 -0.25 -0.125 0 0.125 0.25 -0.25 -0.125 0 0.125 0.25 -0.25 -0.125 0 0.125 0.25 -0.25 -0.125 0 0.125 0.25 -0.25 -0.125 0 0.125 0.25 -0.25 -0.125 0 0.125 0.25 -0.25 -0.125 0 0.125 0.25 -0.25 -0.125 0 0.125
0 0 0 0 0 0 0 0 0 0 0 0 0 0 0 0 0 0 0 0 0 0 0 0 0 0 0 0 0 0 0 0 3 -0.25 -0.125 0 0.125 0.25 -0.25 -0.125 0 0.125 0.25 -0.25 -0.125 0 0.125 0.25 -0.25 -0.125 0 0.125 0.25 -0.25 -0.125 0 0.125 0.25 -0.25 -0.125 0 0.125 0.25 -0.25 -0.125 0 0.125 0.25 -0.25 -0.125 0 0.125 0.25 -0.25 -0.125 0 0.125 0.25 -0.25 -0.125 0 0.125 0.25 -0.25 -0.125 0 0.125 0.25 -0.25 -0.125 0 0.125 0.25 -0.25 -0.125 0 0.125 0.25 -0.25 -0.125 0 0.125 0.25 -0.25 -0.125 0 0.125 0.25 -0.25 -0.125 0 0.125 0.25 -0.25 -0.125 0 0.125 0.25 -0.25 -0.125 0 0.125 0.25 -0.25 -0.125 0 0.125 0.25
0 0 0 0 0 0 0 0 0 0 0 0 0 0 0 0 0 0 0 0 0 0 0 0 0 0 0 0 0 0 0 0 0 -2 0 0.125 0.25 -0.25 -0.125 0 0.125 0.25 -0.25 -0.125 0 0.125 0.25 -0.25 -0.125 0 0.125 0.25 -0.25 -0.125 0 0.125 0.25 -0.25 -0.125 0 0.125 0.25 -0.25 -0.125 0 0.125 0.25 -0.25 -0.125 0 0.125 0.25 -0.25 -0.125 0 0.125 0.25 -0.25 -0.125 0 0.125 0.25 -0.25 -0.125 0 0.125 0.25 -0.25 -0.125 0 0.125 0.25 -0.25 -0.125 0 0.125 0.25 -0.25 -0.125 0 0.125 0.25 -0.25 -0.125 0 0.125 0.25 -0.25 -0.125 0 0.125 0.25 -0.25 -0.125 0 0.125 0.25 -0.25 -0.125 0 0.125 0.25 -0.25 -0.125 0 0.125 0.25 -0.25
0 0 0 0 0 0 0 0 0 0 0 0 0 0 0 0 0 0 0 0 0 0 0 0 0 0 0 0 0 0 0 0 0 0 3 0.25 -0.25 -0.125 0 0.125 0.25 -0.25 -0.125 0 0.125 0.25 -0.25 -0.125 0 0.125 0.25 -0.25 -0.125 0 0.125 0.25 -0.25 -0.125 0 0.125 0.25 -0.25 -0.125 0 0.125 0.25 -0.25 -0.125 0 0.125 0.25 -0.25 -0.125 0 0.125 0.25 -0.25 -0.125 0 0.125 0.25 -0.25 -0.125 0 0.125 0.25 -0.25 -0.125 0 0.125 0.25 -0.25 -0.125 0 0.125 0.25 -0.25 -0.125 0 0.125 0.25 -0.25 -0.125 0 0.125 0.25 -0.25 -0.125 0 0.125 0.25 -0.25 -0.125 0 0.125 0.25 -0.25 -0.125 0 0.125 0.25 -0.25 -0.125 0 0.125 0.25 -0.25 -0.125
0 0 0 0 0 0 0 0 0 0 0 0 0 0 0 0 0 0 0 0 0 0 0 0 0 0 0 0 0 0 0 0 0 0 0 -2 -0.125 0 0.125 0.25 -0.25 -0.125 0 0.125 0.25 -0.25 -0.125 0 0.125 0.25 -0.25 -0.125 0 0.125 0.25 -0.25 -0.125 0 0.125 0.25 -0.25 -0.125 0 0.125 0.25 -0.25 -0.125 0 0.125 0.25 -0.25 -0.125 0 0.125 0.25 -0.25 -0.125 0 0.125 0.25 -0.25 -0.125 0 0.125 0.25 -0.25 -0.125 0 0.125 0.25 -0.25 -0.125 0 0.125 0.25 -0.25 -0.125 0 0.125 0.25 -0.25 -0.125 0 0.125 0.25 -0.25 -0.125 0 0.125 0.25 -0.25 -0.125 0 0.125 0.25 -0.25 -0.125 0 0.125 0.25 -0.25 -0.125 0 0.125 0.25 -0.25 -0.125 0
0 0 0 0 0 0 0 0 0 0 0 0 0 0 0 0 0 0 0 0 0 0 0 0 0 0 0 0 0 0 0 0 0 0 0 0 3 0.125 0.25 -0.25 -0.125 0 0.125 0.25 -0.25 -0.125 0 0.125 0.25 -0.25 -0.125 0 0.125 0.25 -0.25 -0.125 0 0.125 0.25 -0.25 -0.125 0 0.125 0.25 -0.25 -0.125 0 0.125 0.25 -0.25 -0.125 0 0.125 0.25 -0.25 -0.125 0 0.125 0.25 -0.25 -0.125 0 0.125 0.25 -0.25 -0.125 0 0.125 0.25 -0.25 -0.125 0 0.125 0.25 -0.25 -0.125 0 0.125 0.25 -0.25 -0.125 0 0.125 0.25 -0.25 -0.125 0 0.125 0.25 -0.25 -0.125 0 0.125 0.25 -0.25 -0.125 0 0.125 0.25 -0.25 -0.125 0 0.125 0.25 -0.25 -0.125 0 0.125
0 0 0 0 0 0 0 0 0 0 0 0 0 0 0 0 0 0 0 0 0 0 0 0 0 0 0 0 0 0 0 0 0 0 0 0 0 -2 -0.25 -0.125 0 0.125 0.25 -0.25 -0.125 0 0.125 0.25 -0.25 -0.125 0 0.125 0.25 -0.25 -0.125 0 0.125 0.25 -0.25 -0.125 0 0.125 0.25 -0.25 -0.125 0 0.125 0.25 -0.25 -0.125 0 0.125 0.25 -0.25 -0.125 0 0.125 0.25 -0.25 -0.125 0 0.125 0.25 -0.25 -0.125 0 0.125 0.25 -0.25 -0.125 0 0.125 0.25 -0.25 -0.125 0 0.125 0.25 -0.25 -0.125 0 0.125 0.25 -0.25 -0.125 0 0.125 0.25 -0.25 -0.125 0 0.125 0.25 -0.25 -0.125 0 0.125 0.25 -0.25 -0.125 0 0.125 0.25 -0.25 -0.125 0 0.125 0.25
0 0 0 0 0 0 0 0 0 0 0 0 0 0 0 0 0 0 0 0 0 0 0 0 0 0 0 0 0 0 0 0 0 0 0 0 0 0 3 0 0.125 0.25 -0.25 -0.125 0 0.125 0.25 -0.25 -0.125 0 0.125 0.25 -0.25 -0.125 0 0.125 0.25 -0.25 -0.125 0 0.125 0.25 -0.25 -0.125 0 0.125 0.25 -0.25 -0.125 0 0.125 0.25 -0.25 -0.125 0 0.125 0.25 -0.25 -0.125 0 0.125 0.25 -0.25 -0.125 0 0.125 0.25 -0.25 -0.125 0 0.125 0.25 -0.25 -0.125 0 0.125 0.25 -0.25 -0.125 0 0.125 0.25 -0.25 -0.125 0 0.125 0.25 -0.25 -0.125 0 0.125 0.25 -0.25 -0.125 0 0.125 0.25 -0.25 -0.125 0 0.125 0.25 -0.25 -0.125 0 0.125 0.25 -0.25
0 0 0 0 0 0 0 0 0 0 0 0 0 0 0 0 0 0 0 0 0 0 0 0 0 0 0 0 0 0 0 0 0 0 0 0 0 0 0 -2 0.25 -0.25 -0.125 0 0.125 0.25 -0.25 -0.125 0 0.125 0.25 -0.25 -0.125 0 0.125 0.25 -0.25 -0.125 0 0.125 0.25 -0.25 -0.125 0 0.125 0.25 -0.25 -0.125 0 0.125 0.25 -0.25 -0.125 0 0.125 0.25 -0.25 -0.125 0 0.125 0.25 -0.25 -0.125 0 0.125 0.25 -0.25 -0.125 0 0.125 0.25 -0.25 -0.125 0 0.125 0.25 -0.25 -0.125 0 0.125 0.25 -0.25 -0.125 0 0.125 0.25 -0.25 -0.125 0 0.125 0.25 -0.25 -0.125 0 0.125 0.25 -0.25 -0.125 0 0.125 0.25 -0.25 -0.125 0 0.125 0.25 -0.25 -0.125
0 0 0 0 0 0 0 0 0 0 0 0 0 0 0 0 0 0 0 0 0 0 0 0 0 0 0 0 0 0 0 0 0 0 0 0 0 0 0 0 3 -0.125 0 0.125 0.25 -0.25 -0.125 0 0.125 0.25 -0.25 -0.125 0 0.125 0.25 -0.25 -0.125 0 0.125 0.25 -0.25 -0.125 0 0.125 0.25 -0.25 -0.125 0 0.125 0.25 -0.25 -0.125 0 0.125 0.25 -0.25 -0.125 0 0.125 0.25 -0.25 -0.125 0 0.125 0.25 -0.25 -0.125 0 0.125 0.25 -0.25 -0.125 0 0.125 0.25 -0.25 -0.125 0 0.125 0.25 -0.25 -0.125 0 0.125 0.25 -0.25 -0.125 0 0.125 0.25 -0.25 -0.125 0 0.125 0.25 -0.25 -0.125 0 0.125 0.25 -0.25 -0.125 0 0.125 0.25 -0.25 -0.125 0
0 0 0 0 0 0 0 0 0 0 0 0 0 0 0 0 0 0 0 0 0 0 0 0 0 0 0 0 0 0 0 0 0 0 0 0 0 0 0 0 0 -2 0.125 0.25 -0.25 -0.125 0 0.125 0.25 -0.25 -0.125 0 0.125 0.25 -0.25 -0.125 0 0.125 0.25 -0.25 -0.125 0 0.125 0.25 -0.25 -0.125 0 0.125 0.25 -0.25 -0.125 0 0.125 0.25 -0.25 -0.125 0 0.125 0.25 -0.25 -0.125 0 0.125 0.25 -0.25 -0.125 0 0.125 0.25 -0.25 -0.125 0 0.125 0.25 -0.25 -0.125 0 0.125 0.25 -0.25 -0.125 0 0.125 0.25 -0.25 -0.125 0 0.125 0.25 -0.25 -0.125 0 0.125 0.25 -0.25 -0.125 0 0.125 0.25 -0.25 -0.125 0 0.125 0.25 -0.25 -0.125 0 0.125
0 0 0 0 0 0 0 0 0 0 0 0 0 0 0 0 0 0 0 0 0 0 0 0 0 0 0 0 0 0 0 0 0 0 0 0 0 0 0 0 0 0 3 -0.25 -0.125 0 0.125 0.25 -0.25 -0.125 0 0.125 0.25 -0.25 -0.125 0 0.125 0.25 -0.25 -0.125 0 0.125 0.25 -0.25 -0.125 0 0.125 0.25 -0.25 -0.125 0 0.125 0.25 -0.25 -0.125 0 0.125 0.25 -0.25 -0.125 0 0.125 0.25 -0.25 -0.125 0 0.125 0.25 -0.25 -0.125 0 0.125 0.25 -0.25 -0.125 0 0.125 0.25 -0.25 -0.125 0 0.125 0.25 -0.25 -0.125 0 0.125 0.25 -0.25 -0.125 0 0.125 0.25 -0.25 -0.125 0 0.125 0.25 -0.25 -0.125 0 0.125 0.25 -0.25 -0.125 0 0.125 0.25
0 0 0 0 0 0 0 0 0 0 0 0 0 0 0 0 0 0 0 0 0 0 0 0 0 0 0 0 0 0 0 0 0 0 0 0 0 0 0 0 0 0 0 -2 0 0.125 0.25 -0.25 -0.125 0 0.125 0.25 -0.25 -0.125 0 0.125 0.25 -0.25 -0.125 0 0.125 0.25 -0.25 -0.125 0 0.125 0.25 -0.25 -0.125 0 0.125 0.25 -0.25 -0.125 0 0.125 0.25 -0.25 -0.125 0 0.125 0.25 -0.25 -0.125 0 0.125 0.25 -0.25 -0.125 0 0.125 0.25 -0.25 -0.125 0 0.125 0.25 -0.25 -0.125 0 0.125 0.25 -0.25 -0.125 0 0.125 0.25 -0.25 -0.125 0 0.125 0.25 -0.25 -0.125 0 0.125 0.25 -0.25 -0.125 0 0.125 0.25 -0.25 -0.125 0 0.125 0.25 -0.25
0 0 0 0 0 0 0 0 0 0 0 0 0 0 0 0 0 0 0 0 0 0 0 0 0 0 0 0 0 0 0 0 0 0 0 0 0 0 0 0 0 0 0 0 3 0.25 -0.25 -0.125 0 0.125 0.25 -0.25 -0.125 0 0.125 0.25 -0.25 -0.125 0 0.125 0.25 -0.25 -0.125 0 0.125 0.25 -0.25 -0.125 0 0.125 0.25 -0.25 -0.125 0 0.125 0.25 -0.25 -0.125 0 0.125 0.25 -0.25 -0.125 0 0.125 0.25 -0.25 -0.125 0 0.125 0.25 -0.25 -0.125 0 0.125 0.25 -0.25 -0.125 0 0.125 0.25 -0.25 -0.125 0 0.125 0.25 -0.25 -0.125 0 0.125 0.25 -0.25 -0.125 0 0.125 0.25 -0.25 -0.125 0 0.125 0.25 -0.25 -0.125 0 0.125 0.25 -0.25 -0.125
0 0 0 0 0 0 0 0 0 0 0 0 0 0 0 0 0 0 0 0 0 0 0 0 0 0 0 0 0 0 0 0 0 0 0 0 0 0 0 0 0 0 0 0 0 -2 -0.125 0 0.125 0.25 -0.25 -0.125 0 0.125 0.25 -0.25 -0.125 0 0.125 0.25 -0.25 -0.125 0 0.125 0.25 -0.25 -0.125 0 0.125 0.25 -0.25 -0.125 0 0.125 0.25 -0.25 -0.125 0 0.125 0.25 -0.25 -0.125 0 0.125 0.25 -0.25 -0.125 0 0.125 0.25 -0.25 -0.125 0 0.125 0.25 -0.25 -0.125 0 0.125 0.25 -0.25 -0.125 0 0.125 0.25 -0.25 -0.125 0 0.125 0.25 -0.25 -0.125 0 0.125 0.25 -0.25 -0.125 0 0.125 0.25 -0.25 -0.125 0 0.125 0.25 -0.25 -0.125 0
0 0 0 0 0 0 0 0 0 0 0 0 0 0 0 0 0 0 0 0 0 0 0 0 0 0 0 0 0 0 0 0 0 0 0 0 0 0 0 0 0 0 0 0 0 0 3 0.125 0.25 -0.25 -0.125 0 0.125 0.25 -0.25 -0.125 0 0.125 0.25 -0.25 -0.125 0 0.125 0.25 -0.25 -0.125 0 0.125 0.25 -0.25 -0.125 0 0.125 0.25 -0.25 -0.125 0 0.125 0.25 -0.25 -0.125 0 0.125 0.25 -0.25 -0.125 0 0.125 0.25 -0.25 -0.125 0 0.125 0.25 -0.25 -0.125 0 0.125 0.25 -0.25 -0.125 0 0.125 0.25 -0.25 -0.125 0 0.125 0.25 -0.25 -0.125 0 0.125 0.25 -0.25 -0.125 0 0.125 0.25 -0.25 -0.125 0 0.125 0.25 -0.25 -0.125 0 0.125
0 0 0 0 0 0 0 0 0 0 0 0 0 0 0 0 0 0 0 0 0 0 0 0 0 0 0 0 0 0 0 0 0 0 0 0 0 0 0 0 0 0 0 0 0 0 0 -2 -0.25 -0.125 0 0.125 0.25 -0.25 -0.125 0 0.125 0.25 -0.25 -0.125 0 0.125 0.25 -0.25 -0.125 0 0.125 0.25 -0.25 -0.125 0 0.125 0.25 -0.25 -0.125 0 0.125 0.25 -0.25 -0.125 0 0.125 0.25 -0.25 -0.125 0 0.125 0.25 -0.25 -0.125 0 0.125 0.25 -0.25 -0.125 0 0.125 0.25 -0.25 -0.125 0 0.125 0.25 -0.25 -0.125 0 0.125 0.25 -0.25 -0.125 0 0.125 0.25 -0.25 -0.125 0 0.125 0.25 -0.25 -0.125 0 0.125 0.25 -0.25 -0.125 0 0.125 0.25
0 0 0 0 0 0 0 0 0 0 0 0 0 0 0 0 0 0 0 0 0 0 0 0 0 0 0 0 0 0 0 0 0 0 0 0 0 0 0 0 0 0 0 0 0 0 0 0 3 0 0.125 0.25 -0.25 -0.125 0 0.125 0.25 -0.25 -0.125 0 0.125 0.25 -0.25 -0.125 0 0.125 0.25 -0.25 -0.125 0 0.125 0.25 -0.25 -0.125 0 0.125 0.25 -0.25 -0.125 0 0.125 0.25 -0.25 -0.125 0 0.125 0.25 -0.25 -0.125 0 0.125 0.25 -0.25 -0.125 0 0.125 0.25 -0.25 -0.125 0 0.125 0.25 -0.25 -0.125 0 0.125 0.25 -0.25 -0.125 0 0.125 0.25 -0.25 -0.125 0 0.125 0.25 -0.25 -0.125 0 0.125 0.25 -0.25 -0.125 0 0.125 0.25 -0.25
0 0 0 0 0 0 0 0 0 0 0 0 0 0 0 0 0 0 0 0 0 0 0 0 0 0 0 0 0 0 0 0 0 0 0 0 0 0 0 0 0 0 0 0 0 0 0 0 0 -2 0.25 -0.25 -0.125 0 0.125 0.25 -0.25 -0.125 0 0.125 0.25 -0.25 -0.125 0 0.125 0.25 -0.25 -0.125 0 0.125 0.25 -0.25 -0.125 0 0.125 0.25 -0.25 -0.125 0 0.125 0.25 -0.25 -0.125 0 0.125 0.25 -0.25 -0.125 0 0.125 0.25 -0.25 -0.125 0 0.125 0.25 -0.25 -0.125 0 0.125 0.25 -0.25 -0.125 0 0.125 0.25 -0.25 -0.125 0 0.125 0.25 -0.25 -0.125 0 0.125 0.25 -0.25 -0.125 0 0.125 0.25 -0.25 -0.125 0 0.125 0.25 -0.25 -0.125
0 0 0 0 0 0 0 0 0 0 0 0 0 0 0 0 0 0 0 0 0 0 0 0 0 0 0 0 0 0 0 0 0 0 0 0 0 0 0 0 0 0 0 0 0 0 0 0 0 0 3 -0.125 0 0.125 0.25 -0.25 -0.125 0 0.125 0.25 -0.25 -0.125 0 0.125 0.25 -0.25 -0.125 0 0.125 0.25 -0.25 -0.125 0 0.125 0.25 -0.25 -0.125 0 0.125 0.25 -0.25 -0.125 0 0.125 0.25 -0.25 -0.125 0 0.125 0.25 -0.25 -0.125 0 0.125 0.25 -0.25 -0.125 0 0.125 0.25 -0.25 -0.125 0 0.125 0.25 -0.25 -0.125 0 0.125 0.25 -0.25 -0.125 0 0.125 0.25 -0.25 -0.125 0 0.125 0.25 -0.25 -0.125 0 0.125 0.25 -0.25 -0.125 0
0 0 0 0 0 0 0 0 0 0 0 0 0 0 0 0 0 0 0 0 0 0 0 0 0 0 0 0 0 0 0 0 0 0 0 0 0 0 0 0 0 0 0 0 0 0 0 0 0 0 0 -2 0.125 0.25 -0.25 -0.125 0 0.125 0.25 -0.25 -0.125 0 0.125 0.25 -0.25 -0.125 0 0.125 0.25 -0.25 -0.125 0 0.125 0.25 -0.25 -0.125 0 0.125 0.25 -0.25 -0.125 0 0.125 0.25 -0.25 -0.125 0 0.125 0.25 -0.25 -0.125 0 0.125 0.25 -0.25 -0.125 0 0.125 0.25 -0.25 -0.125 0 0.125 0.25 -0.25 -0.125 0 0.125 0.25 -0.25 -0.125 0 0.125 0.25 -0.25 -0.125 0 0.125 0.25 -0.25 -0.125 0 0.125 0.25 -0.25 -0.125 0 0.125
0 0 0 0 0 0 0 0 0 0 0 0 0 0 0 0 0 0 0 0 0 0 0 0 0 0 0 0 0 0 0 0 0 0 0 0 0 0 0 0 0 0 0 0 0 0 0 0 0 0 0 0 3 -0.25 -0.125 0 0.125 0.25 -0.25 -0.125 0 0.125 0.25 -0.25 -0.125 0 0.125 0.25 -0.25 -0.125 0 0.125 0.25 -0.25 -0.125 0 0.125 0.25 -0.25 -0.125 0 0.125 0.25 -0.25 -0.125 0 0.125 0.25 -0.25 -0.125 0 0.125 0.25 -0.25 -0.125 0 0.125 0.25 -0.25 -0.125 0 0.125 0.25 -0.25 -0.125 0 0.125 0.25 -0.25 -0.125 0 0.125 0.25 -0.25 -0.125 0 0.125 0.25 -0.25 -0.125 0 0.125 0.25 -0.25 -0.125 0 0.125 0.25
0 0 0 0 0 0 0 0 0 0 0 0 0 0 0 0 0 0 0 0 0 0 0 0 0 0 0 0 0 0 0 0 0 0 0 0 0 0 0 0 0 0 0 0 0 0 0 0 0 0 0 0 0 -2 0 0.125 0.25 -0.25 -0.125 0 0.125 0.25 -0.25 -0.125 0 0.125 0.25 -0.25 -0.125 0 0.125 0.25 -0.25 -0.125 0 0.125 0.25 -0.25 -0.125 0 0.125 0.25 -0.25 -0.125 0 0.125 0.25 -0.25 -0.125 0 0.125 0.25 -0.25 -0.125 0 0.125 0.25 -0.25 -0.125 0 0.125 0.25 -0.25 -0.125 0 0.125 0.25 -0.25 -0.125 0 0.125 0.25 -0.25 -0.125 0 0.125 0.25 -0.25 -0.125 0 0.125 0.25 -0.25 -0.125 0 0.125 0.25 -0.25
0 0 0 0 0 0 0 0 0 0 0 0 0 0 0 0 0 0 0 0 0 0 0 0 0 0 0 0 0 0 0 0 0 0 0 0 0 0 0 0 0 0 0 0 0 0 0 0 0 0 0 0 0 0 3 0.25 -0.25 -0.125 0 0.125 0.25 -0.25 -0.125 0 0.125 0.25 -0.25 -0.125 0 0.125 0.25 -0.25 -0.125 0 0.125 0.25 -0.25 -0.125 0 0.125 0.25 -0.25 -0.125 0 0.125 0.25 -0.25 -0.125 0 0.125 0.25 -0.25 -0.125 0 0.125 0.25 -0.25 -0.125 0 0.125 0.25 -0.25 -0.125 0 0.125 0.25 -0.25 -0.125 0 0.125 0.25 -0.25 -0.125 0 0.125 0.25 -0.25 -0.125 0 0.125 0.25 -0.25 -0.125 0 0.125 0.25 -0.25 -0.125
0 0 0 0 0 0 0 0 0 0 0 0 0 0 0 0 0 0 0 0 0 0 0 0 0 0 0 0 0 0 0 0 0 0 0 0 0 0 0 0 0 0 0 0 0 0 0 0 0 0 0 0 0 0 0 -2 -0.125 0 0.125 0.25 -0.25 -0.125 0 0.125 0.25 -0.25 -0.125 0 0.125 0.25 -0.25 -0.125 0 0.125 0.25 -0.25 -0.125 0 0.125 0.25 -0.25 -0.125 0 0.125 0.25 -0.25 -0.125 0 0.125 0.25 -0.25 -0.125 0 0.125 0.25 -0.25 -0.125 0 0.125 0.25 -0.25 -0.125 0 0.125 0.25 -0.25 -0.125 0 0.125 0.25 -0.25 -0.125 0 0.125 0.25 -0.25 -0.125 0 0.125 0.25 -0.25 -0.125 0 0.125 0.25 -0.25 -0.125 0
0 0 0 0 0 0 0 0 0 0 0 0 0 0 0 0 0 0 0 0 0 0 0 0 0 0 0 0 0 0 0 0 0 0 0 0 0 0 0 0 0 0 0 0 0 0 0 0 0 0 0 0 0 0 0 0 3 0.125 0.25 -0.25 -0.125 0 0.125 0.25 -0.25 -0.125 0 0.125 0.25 -0.25 -0.125 0 0.125 0.25 -0.25 -0.125 0 0.125 0.25 -0.25 -0.125 0 0.125 0.25 -0.25 -0.125 0 0.125 0.25 -0.25 -0.125 0 0.125 0.25 -0.25 -0.125 0 0.125 0.25 -0.25 -0.125 0 0.125 0.25 -0.25 -0.125 0 0.125 0.25 -0.25 -0.125 0 0.125 0.25 -0.25 -0.125 0 0.125 0.25 -0.25 -0.125 0 0.125 0.25 -0.25 -0.125 0 0.125
0 0 0 0 0 0 0 0 0 0 0 0 0 0 0 0 0 0 0 0 0 0 0 0 0 0 0 0 0 0 0 0 0 0 0 0 0 0 0 0 0 0 0 0 0 0 0 0 0 0 0 0 0 0 0 0 0 -2 -0.25 -0.125 0 0.125 0.25 -0.25 -0.125 0 0.125 0.25 -0.25 -0.125 0 0.125 0.25 -0.25 -0.125 0 0.125 0.25 -0.25 -0.125 0 0.125 0.25 -0.25 -0.125 0 0.125 0.25 -0.25 -0.125 0 0.125 0.25 -0.25 -0.125 0 0.125 0.25 -0.25 -0.125 0 0.125 0.25 -0.25 -0.125 0 0.125 0.25 -0.25 -0.125 0 0.125 0.25 -0.25 -0.125 0 0.125 0.25 -0.25 -0.125 0 0.125 0.25 -0.25 -0.125 0 0.125 0.25
0 0 0 0 0 0 0 0 0 0 0 0 0 0 0 0 0 0 0 0 0 0 0 0 0 0 0 0 0 0 0 0 0 0 0 0 0 0 0 0 0 0 0 0 0 0 0 0 0 0 0 0 0 0 0 0 0 0 3 0 0.125 0.25 -0.25 -0.125 0 0.125 0.25 -0.25 -0.125 0 0.125 0.25 -0.25 -0.125 0 0.125 0.25 -0.25 -0.125 0 0.125 0.25 -0.25 -0.125 0 0.125 0.25 -0.25 -0.125 0 0.125 0.25 -0.25 -0.125 0 0.125 0.25 -0.25 -0.125 0 0.125 0.25 -0.25 -0.125 0 0.125 0.25 -0.25 -0.125 0 0.125 0.25 -0.25 -0.125 0 0.125 0.25 -0.25 -0.125 0 0.125 0.25 -0.25 -0.125 0 0.125 0.25 -0.25
0 0 0 0 0 0 0 0 0 0 0 0 0 0 0 0 0 0 0 0 0 0 0 0 0 0 0 0 0 0 0 0 0 0 0 0 0 0 0 0 0 0 0 0 0 0 0 0 0 0 0 0 0 0 0 0 0 0 0 -2 0.25 -0.25 -0.125 0 0.125 0.25 -0.25 -0.125 0 0.125 0.25 -0.25 -0.125 0 0.125 0.25 -0.25 -0.125 0 0.125 0.25 -0.25 -0.125 0 0.125 0.25 -0.25 -0.125 0 0.125 0.25 -0.25 -0.125 0 0.125 0.25 -0.25 -0.125 0 0.125 0.25 -0.25 -0.125 0 0.125 0.25 -0.25 -0.125 0 0.125 0.25 -0.25 -0.125 0 0.125 0.25 -0.25 -0.125 0 0.125 0.25 -0.25 -0.125 0 0.125 0.25 -0.25 -0.125
0 0 0 0 0 0 0 0 0 0 0 0 0 0 0 0 0 0 0 0 0 0 0 0 0 0 0 0 0 0 0 0 0 0 0 0 0 0 0 0 0 0 0 0 0 0 0 0 0 0 0 0 0 0 0 0 0 0 0 0 3 -0.125 0 0.125 0.25 -0.25 -0.125 0 0.125 0.25 -0.25 -0.125 0 0.125 0.25 -0.25 -0.125 0 0.125 0.25 -0.25 -0.125 0 0.125 0.25 -0.25 -0.125 0 0.125 0.25 -0.25 -0.125 0 0.125 0.25 -0.25 -0.125 0 0.125 0.25 -0.25 -0.125 0 0.125 0.25 -0.25 -0.125 0 0.125 0.25 -0.25 -0.125 0 0.125 0.25 -0.25 -0.125 0 0.125 0.25 -0.25 -0.125 0 0.125 0.25 -0.25 -0.125 0
0 0 0 0 0 0 0 0 0 0 0 0 0 0 0 0 0 0 0 0 0 0 0 0 0 0 0 0 0 0 0 0 0 0 0 0 0 0 0 0 0 0 0 0 0 0 0 0 0 0 0 0 0 0 0 0 0 0 0 0 0 -2 0.125 0.25 -0.25 -0.125 0 0.125 0.25 -0.25 -0.125 0 0.125 0.25 -0.25 -0.125 0 0.125 0.25 -0.25 -0.125 0 0.125 0.25 -0.25 -0.125 0 0.125 0.25 -0.25 -0.125 0 0.125 0.25 -0.25 -0.125 0 0.125 0.25 -0.25 -0.125 0 0.125 0.25 -0.25 -0.125 0 0.125 0.25 -0.25 -0.125 0 0.125 0.25 -0.25 -0.125 0 0.125 0.25 -0.25 -0.125 0 0.125 0.25 -0.25 -0.125 0 0.125
0 0 0 0 0 0 0 0 0 0 0 0 0 0 0 0 0 0 0 0 0 0 0 0 0 0 0 0 0 0 0 0 0 0 0 0 0 0 0 0 0 0 0 0 0 0 0 0 0 0 0 0 0 0 0 0 0 0 0 0 0 0 3 -0.25 -0.125 0 0.125 0.25 -0.25 -0.125 0 0.125 0.25 -0.25 -0.125 0 0.125 0.25 -0.25 -0.125 0 0.125 0.25 -0.25 -0.125 0 0.125 0.25 -0.25 -0.125 0 0.125 0.25 -0.25 -0.125 0 0.125 0.25 -0.25 -0.125 0 0.125 0.25 -0.25 -0.125 0 0.125 0.25 -0.25 -0.125 0 0.125 0.25 -0.25 -0.125 0 0.125 0.25 -0.25 -0.125 0 0.125 0.25 -0.25 -0.125 0 0.125 0.25
0 0 0 0 0 0 0 0 0 0 0 0 0 0 0 0 0 0 0 0 0 0 0 0 0 0 0 0 0 0 0 0 0 0 0 0 0 0 0 0 0 0 0 0 0 0 0 0 0 0 0 0 0 0 0 0 0 0 0 0 0 0 0 -2 0 0.125 0.25 -0.25 -0.125 0 0.125 0.25 -0.25 -0.125 0 0.125 0.25 -0.25 -0.125 0 0.125 0.25 -0.25 -0.125 0 0.125 0.25 -0.25 -0.125 0 0.125 0.25 -0.25 -0.125 0 0.125 0.25 -0.25 -0.125 0 0.125 0.25 -0.25 -0.125 0 0.125 0.25 -0.25 -0.125 0 0.125 0.25 -0.25 -0.125 0 0.125 0.25 -0.25 -0.125 0 0.125 0.25 -0.25 -0.125 0 0.125 0.25 -0.25
0 0 0 0 0 0 0 0 0 0 0 0 0 0 0 0 0 0 0 0 0 0 0 0 0 0 0 0 0 0 0 0 0 0 0 0 0 0 0 0 0 0 0 0 0 0 0 0 0 0 0 0 0 0 0 0 0 0 0 0 0 0 0 0 3 0.25 -0.25 -0.125 0 0.125 0.25 -0.25 -0.125 0 0.125 0.25 -0.25 -0.125 0 0.125 0.25 -0.25 -0.125 0 0.125 0.25 -0.25 -0.125 0 0.125 0.25 -0.25 -0.125 0 0.125 0.25 -0.25 -0.125 0 0.125 0.25 -0.25 -0.125 0 0.125 0.25 -0.25 -0.125 0 0.125 0.25 -0.25 -0.125 0 0.125 0.25 -0.25 -0.125 0 0.125 0.25 -0.25 -0.125 0 0.125 0.25 -0.25 -0.125
0 0 0 0 0 0 0 0 0 0 0 0 0 0 0 0 0 0 0 0 0 0 0 0 0 0 0 0 0 0 0 0 0 0 0 0 0 0 0 0 0 0 0 0 0 0 0 0 0 0 0 0 0 0 0 0 0 0 0 0 0 0 0 0 0 -2 -0.125 0 0.125 0.25 -0.25 -0.125 0 0.125 0.25 -0.25 -0.125 0 0.125 0.25 -0.25 -0.125 0 0.125 0.25 -0.25 -0.125 0 0.125 0.25 -0.25 -0.125 0 0.125 0.25 -0.25 -0.125 0 0.125 0.25 -0.25 -0.125 0 0.125 0.25 -0.25 -0.125 0 0.125 0.25 -0.25 -0.125 0 0.125 0.25 -0.25 -0.125 0 0.125 0.25 -0.25 -0.125 0 0.125 0.25 -0.25 -0.125 0
0 0 0 0 0 0 0 0 0 0 0 0 0 0 0 0 0 0 0 0 0 0 0 0 0 0 0 0 0 0 0 0 0 0 0 0 0 0 0 0 0 0 0 0 0 0 0 0 0 0 0 0 0 0 0 0 0 0 0 0 0 0 0 0 0 0 3 0.125 0.25 -0.25 -0.125 0 0.125 0.25 -0.25 -0.125 0 0.125 0.25 -0.25 -0.125 0 0.125 0.25 -0.25 -0.125 0 0.125 0.25 -0.25 -0.125 0 0.125 0.25 -0.25 -0.125 0 0.125 0.25 -0.25 -0.125 0 0.125 0.25 -0.25 -0.125 0 0.125 0.25 -0.25 -0.125 0 0.125 0.25 -0.25 -0.125 0 0.125 0.25 -0.25 -0.125 0 0.125 0.25 -0.25 -0.125 0 0.125
0 0 0 0 0 0 0 0 0 0 0 0 0 0 0 0 0 0 0 0 0 0 0 0 0 0 0 0 0 0 0 0 0 0 0 0 0 0 0 0 0 0 0 0 0 0 0 0 0 0 0 0 0 0 0 0 0 0 0 0 0 0 0 0 0 0 0 -2 -0.25 -0.125 0 0.125 0.25 -0.25 -0.125 0 0.125 0.25 -0.25 -0.125 0 0.125 0.25 -0.25 -0.125 0 0.125 0.25 -0.25 -0.125 0 0.125 0.25 -0.25 -0.125 0 0.125 0.25 -0.25 -0.125 0 0.125 0.25 -0.25 -0.125 0 0.125 0.25 -0.25 -0.125 0 0.125 0.25 -0.25 -0.125 0 0.125 0.25 -0.25 -0.125 0 0.125 0.25 -0.25 -0.125 0 0.125 0.25
0 0 0 0 0 0 0 0 0 0 0 0 0 0 0 0 0 0 0 0 0 0 0 0 0 0 0 0 0 0 0 0 0 0 0 0 0 0 0 0 0 0 0 0 0 0 0 0 0 0 0 0 0 0 0 0 0 0 0 0 0 0 0 0 0 0 0 0 3 0 0.125 0.25 -0.25 -0.125 0 0.125 0.25 -0.25 -0.125 0 0.125 0.25 -0.25 -0.125 0 0.125 0.25 -0.25 -0.125 0 0.125 0.25 -0.25 -0.125 0 0.125 0.25 -0.25 -0.125 0 0.125 0.25 -0.25 -0.125 0 0.125 0.25 -0.25 -0.125 0 0.125 0.25 -0.25 -0.125 0 0.125 0.25 -0.25 -0.125 0 0.125 0.25 -0.25 -0.125 0 0.125 0.25 -0.25
0 0 0 0 0 0 0 0 0 0 0 0 0 0 0 0 0 0 0 0 0 0 0 0 0 0 0 0 0 0 0 0 0 0 0 0 0 0 0 0 0 0 0 0 0 0 0 0 0 0 0 0 0 0 0 0 0 0 0 0 0 0 0 0 0 0 0 0 0 -2 0.25 -0.25 -0.125 0 0.125 0.25 -0.25 -0.125 0 0.125 0.25 -0.25 -0.125 0 0.125 0.25 -0.25 -0.125 0 0.125 0.25 -0.25 -0.125 0 0.125 0.25 -0.25 -0.125 0 0.125 0.25 -0.25 -0.125 0 0.125 0.25 -0.25 -0.125 0 0.125 0.25 -0.25 -0.125 0 0.125 0.25 -0.25 -0.125 0 0.125 0.25 -0.25 -0.125 0 0.125 0.25 -0.25 -0.125
0 0 0 0 0 0 0 0 0 0 0 0 0 0 0 0 0 0 0 0 0 0 0 0 0 0 0 0 0 0 0 0 0 0 0 0 0 0 0 0 0 0 0 0 0 0 0 0 0 0 0 0 0 0 0 0 0 0 0 0 0 0 0 0 0 0 0 0 0 0 3 -0.125 0 0.125 0.25 -0.25 -0.125 0 0.125 0.25 -0.25 -0.125 0 0.125 0.25 -0.25 -0.125 0 0.125 0.25 -0.25 -0.125 0 0.125 0.25 -0.25 -0.125 0 0.125 0.25 -0.25 -0.125 0 0.125 0.25 -0.25 -0.125 0 0.125 0.25 -0.25 -0.125 0 0.125 0.25 -0.25 -0.125 0 0.125 0.25 -0.25 -0.125 0 0.125 0.25 -0.25 -0.125 0
0 0 0 0 0 0 0 0 0 0 0 0 0 0 0 0 0 0 0 0 0 0 0 0 0 0 0 0 0 0 0 0 0 0 0 0 0 0 0 0 0 0 0 0 0 0 0 0 0 0 0 0 0 0 0 0 0 0 0 0 0 0 0 0 0 0 0 0 0 0 0 -2 0.125 0.25 -0.25 -0.125 0 0.125 0.25 -0.25 -0.125 0 0.125 0.25 -0.25 -0.125 0 0.125 0.25 -0.25 -0.125 0 0.125 0.25 -0.25 -0.125 0 0.125 0.25 -0.25 -0.125 0 0.125 0.25 -0.25 -0.125 0 0.125 0.25 -0.25 -0.125 0 0.125 0.25 -0.25 -0.125 0 0.125 0.25 -0.25 -0.125 0 0.125 0.25 -0.25 -0.125 0 0.125
0 0 0 0 0 0 0 0 0 0 0 0 0 0 0 0 0 0 0 0 0 0 0 0 0 0 0 0 0 0 0 0 0 0 0 0 0 0 0 0 0 0 0 0 0 0 0 0 0 0 0 0 0 0 0 0 0 0 0 0 0 0 0 0 0 0 0 0 0 0 0 0 3 -0.25 -0.125 0 0.125 0.25 -0.25 -0.125 0 0.125 0.25 -0.25 -0.125 0 0.125 0.25 -0.25 -0.125 0 0.125 0.25 -0.25 -0.125 0 0.125 0.25 -0.25 -0.125 0 0.125 0.25 -0.25 -0.125 0 0.125 0.25 -0.25 -0.125 0 0.125 0.25 -0.25 -0.125 0 0.125 0.25 -0.25 -0.125 0 0.125 0.25 -0.25 -0.125 0 0.125 0.25
0 0 0 0 0 0 0 0 0 0 0 0 0 0 0 0 0 0 0 0 0 0 0 0 0 0 0 0 0 0 0 0 0 0 0 0 0 0 0 0 0 0 0 0 0 0 0 0 0 0 0 0 0 0 0 0 0 0 0 0 0 0 0 0 0 0 0 0 0 0 0 0 0 -2 0 0.125 0.25 -0.25 -0.125 0 0.125 0.25 -0.25 -0.125 0 0.125 0.25 -0.25 -0.125 0 0.125 0.25 -0.25 -0.125 0 0.125 0.25 -0.25 -0.125 0 0.125 0.25 -0.25 -0.125 0 0.125 0.25 -0.25 -0.125 0 0.125 0.25 -0.25 -0.125 0 0.125 0.25 -0.25 -0.125 0 0.125 0.25 -0.25 -0.125 0 0.125 0.25 -0.25
0 0 0 0 0 0 0 0 0 0 0 0 0 0 0 0 0 0 0 0 0 0 0 0 0 0 0 0 0 0 0 0 0 0 0 0 0 0 0 0 0 0 0 0 0 0 0 0 0 0 0 0 0 0 0 0 0 0 0 0 0 0 0 0 0 0 0 0 0 0 0 0 0 0 3 0.25 -0.25 -0.125 0 0.125 0.25 -0.25 -0.125 0 0.125 0.25 -0.25 -0.125 0 0.125 0.25 -0.25 -0.125 0 0.125 0.25 -0.25 -0.125 0 0.125 0.25 -0.25 -0.125 0 0.125 0.25 -0.25 -0.125 0 0.125 0.25 -0.25 -0.125 0 0.125 0.25 -0.25 -0.125 0 0.125 0.25 -0.25 -0.125 0 0.125 0.25 -0.25 -0.125
0 0 0 0 0 0 0 0 0 0 0 0 0 0 0 0 0 0 0 0 0 0 0 0 0 0 0 0 0 0 0 0 0 0 0 0 0 0 0 0 0 0 0 0 0 0 0 0 0 0 0 0 0 0 0 0 0 0 0 0 0 0 0 0 0 0 0 0 0 0 0 0 0 0 0 -2 -0.125 0 0.125 0.25 -0.25 -0.125 0 0.125 0.25 -0.25 -0.125 0 0.125 0.25 -0.25 -0.125 0 0.125 0.25 -0.25 -0.125 0 0.125 0.25 -0.25 -0.125 0 0.125 0.25 -0.25 -0.125 0 0.125 0.25 -0.25 -0.125 0 0.125 0.25 -0.25 -0.125 0 0.125 0.25 -0.25 -0.125 0 0.125 0.25 -0.25 -0.125 0
0 0 0 0 0 0 0 0 0 0 0 0 0 0 0 0 0 0 0 0 0 0 0 0 0 0 0 0 0 0 0 0 0 0 0 0 0 0 0 0 0 0 0 0 0 0 0 0 0 0 0 0 0 0 0 0 0 0 0 0 0 0 0 0 0 0 0 0 0 0 0 0 0 0 0 0 3 0.125 0.25 -0.25 -0.125 0 0.125 0.25 -0.25 -0.125 0 0.125 0.25 -0.25 -0.125 0 0.125 0.25 -0.25 -0.125 0 0.125 0.25 -0.25 -0.125 0 0.125 0.25 -0.25 -0.125 0 0.125 0.25 -0.25 -0.125 0 0.125 0.25 -0.25 -0.125 0 0.125 0.25 -0.25 -0.125 0 0.125 0.25 -0.25 -0.125 0 0.125
0 0 0 0 0 0 0 0 0 0 0 0 0 0 0 0 0 0 0 0 0 0 0 0 0 0 0 0 0 0 0 0 0 0 0 0 0 0 0 0 0 0 0 0 0 0 0 0 0 0 0 0 0 0 0 0 0 0 0 0 0 0 0 0 0 0 0 0 0 0 0 0 0 0 0 0 0 -2 -0.25 -0.125 0 0.125 0.25 -0.25 -0.125 0 0.125 0.25 -0.25 -0.125 0 0.125 0.25 -0.25 -0.125 0 0.125 0.25 -0.25 -0.125 0 0.125 0.25 -0.25 -0.125 0 0.125 0.25 -0.25 -0.125 0 0.125 0.25 -0.25 -0.125 0 0.125 0.25 -0.25 -0.125 0 0.125 0.25 -0.25 -0.125 0 0.125 0.25
0 0 0 0 0 0 0 0 0 0 0 0 0 0 0 0 0 0 0 0 0 0 0 0 0 0 0 0 0 0 0 0 0 0 0 0 0 0 0 0 0 0 0 0 0 0 0 0 0 0 0 0 0 0 0 0 0 0 0 0 0 0 0 0 0 0 0 0 0 0 0 0 0 0 0 0 0 0 3 0 0.125 0.25 -0.25 -0.125 0 0.125 0.25 -0.25 -0.125 0 0.125 0.25 -0.25 -0.125 0 0.125 0.25 -0.25 -0.125 0 0.125 0.25 -0.25 -0.125 0 0.125 0.25 -0.25 -0.125 0 0.125 0.25 -0.25 -0.125 0 0.125 0.25 -0.25 -0.125 0 0.125 0.25 -0.25 -0.125 0 0.125 0.25 -0.25
0 0 0 0 0 0 0 0 0 0 0 0 0 0 0 0 0 0 0 0 0 0 0 0 0 0 0 0 0 0 0 0 0 0 0 0 0 0 0 0 0 0 0 0 0 0 0 0 0 0 0 0 0 0 0 0 0 0 0 0 0 0 0 0 0 0 0 0 0 0 0 0 0 0 0 0 0 0 0 -2 0.25 -0.25 -0.125 0 0.125 0.25 -0.25 -0.125 0 0.125 0.25 -0.25 -0.125 0 0.125 0.25 -0.25 -0.125 0 0.125 0.25 -0.25 -0.125 0 0.125 0.25 -0.25 -0.125 0 0.125 0.25 -0.25 -0.125 0 0.125 0.25 -0.25 -0.125 0 0.125 0.25 -0.25 -0.125 0 0.125 0.25 -0.25 -0.125
0 0 0 0 0 0 0 0 0 0 0 0 0 0 0 0 0 0 0 0 0 0 0 0 0 0 0 0 0 0 0 0 0 0 0 0 0 0 0 0 0 0 0 0 0 0 0 0 0 0 0 0 0 0 0 0 0 0 0 0 0 0 0 0 0 0 0 0 0 0 0 0 0 0 0 0 0 0 0 0 3 -0.125 0 0.125 0.25 -0.25 -0.125 0 0.125 0.25 -0.25 -0.125 0 0.125 0.25 -0.25 -0.125 0 0.125 0.25 -0.25 -0.125 0 0.125 0.25 -0.25 -0.125 0 0.125 0.25 -0.25 -0.125 0 0.125 0.25 -0.25 -0.125 0 0.125 0.25 -0.25 -0.125 0 0.125 0.25 -0.25 -0.125 0
0 0 0 0 0 0 0 0 0 0 0 0 0 0 0 0 0 0 0 0 0 0 0 0 0 0 0 0 0 0 0 0 0 0 0 0 0 0 0 0 0 0 0 0 0 0 0 0 0 0 0 0 0 0 0 0 0 0 0 0 0 0 0 0 0 0 0 0 0 0 0 0 0 0 0 0 0 0 0 0 0 -2 0.125 0.25 -0.25 -0.125 0 0.125 0.25 -0.25 -0.125 0 0.125 0.25 -0.25 -0.125 0 0.125 0.25 -0.25 -0.125 0 0.125 0.25 -0.25 -0.125 0 0.125 0.25 -0.25 -0.125 0 0.125 0.25 -0.25 -0.125 0 0.125 0.25 -0.25 -0.125 0 0.125 0.25 -0.25 -0.125 0 0.125
0 0 0 0 0 0 0 0 0 0 0 0 0 0 0 0 0 0 0 0 0 0 0 0 0 0 0 0 0 0 0 0 0 0 0 0 0 0 0 0 0 0 0 0 0 0 0 0 0 0 0 0 0 0 0 0 0 0 0 0 0 0 0 0 0 0 0 0 0 0 0 0 0 0 0 0 0 0 0 0 0 0 3 -0.25 -0.125 0 0.125 0.25 -0.25 -0.125 0 0.125 0.25 -0.25 -0.125 0 0.125 0.25 -0.25 -0.125 0 0.125 0.25 -0.25 -0.125 0 0.125 0.25 -0.25 -0.125 0 0.125 0.25 -0.25 -0.125 0 0.125 0.25 -0.25 -0.125 0 0.125 0.25 -0.25 -0.125 0 0.125 0.25
0 0 0 0 0 0 0 0 0 0 0 0 0 0 0 0 0 0 0 0 0 0 0 0 0 0 0 0 0 0 0 0 0 0 0 0 0 0 0 0 0 0 0 0 0 0 0 0 0 0 0 0 0 0 0 0 0 0 0 0 0 0 0 0 0 0 0 0 0 0 0 0 0 0 0 0 0 0 0 0 0 0 0 -2 0 0.125 0.25 -0.25 -0.125 0 0.125 0.25 -0.25 -0.125 0 0.125 0.25 -0.25 -0.125 0 0.125 0.25 -0.25 -0.125 0 0.125 0.25 -0.25 -0.125 0 0.125 0.25 -0.25 -0.125 0 0.125 0.25 -0.25 -0.125 0 0.125 0.25 -0.25 -0.125 0 0.125 0.25 -0.25
0 0 0 0 0 0 0 0 0 0 0 0 0 0 0 0 0 0 0 0 0 0 0 0 0 0 0 0 0 0 0 0 0 0 0 0 0 0 0 0 0 0 0 0 0 0 0 0 0 0 0 0 0 0 0 0 0 0 0 0 0 0 0 0 0 0 0 0 0 0 0 0 0 0 0 0 0 0 0 0 0 0 0 0 3 0.25 -0.25 -0.125 0 0.125 0.25 -0.25 -0.125 0 0.125 0.25 -0.25 -0.125 0 0.125 0.25 -0.25 -0.125 0 0.125 0.25 -0.25 -0.125 0 0.125 0.25 -0.25 -0.125 0 0.125 0.25 -0.25 -0.125 0 0.125 0.25 -0.25 -0.125 0 0.125 0.25 -0.25 -0.125
0 0 0 0 0 0 0 0 0 0 0 0 0 0 0 0 0 0 0 0 0 0 0 0 0 0 0 0 0 0 0 0 0 0 0 0 0 0 0 0 0 0 0 0 0 0 0 0 0 0 0 0 0 0 0 0 0 0 0 0 0 0 0 0 0 0 0 0 0 0 0 0 0 0 0 0 0 0 0 0 0 0 0 0 0 -2 -0.125 0 0.125 0.25 -0.25 -0.125 0 0.125 0.25 -0.25 -0.125 0 0.125 0.25 -0.25 -0.125 0 0.125 0.25 -0.25 -0.125 0 0.125 0.25 -0.25 -0.125 0 0.125 0.25 -0.25 -0.125 0 0.125 0.25 -0.25 -0.125 0 0.125 0.25 -0.25 -0.125 0
0 0 0 0 0 0 0 0 0 0 0 0 0 0 0 0 0 0 0 0 0 0 0 0 0 0 0 0 0 0 0 0 0 0 0 0 0 0 0 0 0 0 0 0 0 0 0 0 0 0 0 0 0 0 0 0 0 0 0 0 0 0 0 0 0 0 0 0 0 0 0 0 0 0 0 0 0 0 0 0 0 0 0 0 0 0 3 0.125 0.25 -0.25 -0.125 0 0.125 0.25 -0.25 -0.125 0 0.125 0.25 -0.25 -0.125 0 0.125 0.25 -0.25 -0.125 0 0.125 0.25 -0.25 -0.125 0 0.125 0.25 -0.25 -0.125 0 0.125 0.25 -0.25 -0.125 0 0.125 0.25 -0.25 -0.125 0 0.125
0 0 0 0 0 0 0 0 0 0 0 0 0 0 0 0 0 0 0 0 0 0 0 0 0 0 0 0 0 0 0 0 0 0 0 0 0 0 0 0 0 0 0 0 0 0 0 0 0 0 0 0 0 0 0 0 0 0 0 0 0 0 0 0 0 0 0 0 0 0 0 0 0 0 0 0 0 0 0 0 0 0 0 0 0 0 0 -2 -0.25 -0.125 0 0.125 0.25 -0.25 -0.125 0 0.125 0.25 -0.25 -0.125 0 0.125 0.25 -0.25 -0.125 0 0.125 0.25 -0.25 -0.125 0 0.125 0.25 -0.25 -0.125 0 0.125 0.25 -0.25 -0.125 0 0.125 0.25 -0.25 -0.125 0 0.125 0.25
0 0 0 0 0 0 0 0 0 0 0 0 0 0 0 0 0 0 0 0 0 0 0 0 0 0 0 0 0 0 0 0 0 0 0 0 0 0 0 0 0 0 0 0 0 0 0 0 0 0 0 0 0 0 0 0 0 0 0 0 0 0 0 0 0 0 0 0 0 0 0 0 0 0 0 0 0 0 0 0 0 0 0 0 0 0 0 0 3 0 0.125 0.25 -0.25 -0.125 0 0.125 0.25 -0.25 -0.125 0 0.125 0.25 -0.25 -0.125 0 0.125 0.25 -0.25 -0.125 0 0.125 0.25 -0.25 -0.125 0 0.125 0.25 -0.25 -0.125 0 0.125 0.25 -0.25 -0.125 0 0.125 0.25 -0.25
0 0 0 0 0 0 0 0 0 0 0 0 0 0 0 0 0 0 0 0 0 0 0 0 0 0 0 0 0 0 0 0 0 0 0 0 0 0 0 0 0 0 0 0 0 0 0 0 0 0 0 0 0 0 0 0 0 0 0 0 0 0 0 0 0 0 0 0 0 0 0 0 0 0 0 0 0 0 0 0 0 0 0 0 0 0 0 0 0 -2 0.25 -0.25 -0.125 0 0.125 0.25 -0.25 -0.125 0 0.125 0.25 -0.25 -0.125 0 0.125 0.25 -0.25 -0.125 0 0.125 0.25 -0.25 -0.125 0 0.125 0.25 -0.25 -0.125 0 0.125 0.25 -0.25 -0.125 0 0.125 0.25 -0.25 -0.125
0 0 0 0 0 0 0 0 0 0 0 0 0 0 0 0 0 0 0 0 0 0 0 0 0 0 0 0 0 0 0 0 0 0 0 0 0 0 0 0 0 0 0 0 0 0 0 0 0 0 0 0 0 0 0 0 0 0 0 0 0 0 0 0 0 0 0 0 0 0 0 0 0 0 0 0 0 0 0 0 0 0 0 0 0 0 0 0 0 0 3 -0.125 0 0.125 0.25 -0.25 -0.125 0 0.125 0.25 -0.25 -0.125 0 0.125 0.25 -0.25 -0.125 0 0.125 0.25 -0.25 -0.125 0 0.125 0.25 -0.25 -0.125 0 0.125 0.25 -0.25 -0.125 0 0.125 0.25 -0.25 -0.125 0
0 0 0 0 0 0 0 0 0 0 0 0 0 0 0 0 0 0 0 0 0 0 0 0 0 0 0 0 0 0 0 0 0 0 0 0 0 0 0 0 0 0 0 0 0 0 0 0 0 0 0 0 0 0 0 0 0 0 0 0 0 0 0 0 0 0 0 0 0 0 0 0 0 0 0 0 0 0 0 0 0 0 0 0 0 0 0 0 0 0 0 -2 0.125 0.25 -0.25 -0.125 0 0.125 0.25 -0.25 -0.125 0 0.125 0.25 -0.25 -0.125 0 0.125 0.25 -0.25 -0.125 0 0.125 0.25 -0.25 -0.125 0 0.125 0.25 -0.25 -0.125 0 0.125 0.25 -0.25 -0.125 0 0.125
0 0 0 0 0 0 0 0 0 0 0 0 0 0 0 0 0 0 0 0 0 0 0 0 0 0 0 0 0 0 0 0 0 0 0 0 0 0 0 0 0 0 0 0 0 0 0 0 0 0 0 0 0 0 0 0 0 0 0 0 0 0 0 0 0 0 0 0 0 0 0 0 0 0 0 0 0 0 0 0 0 0 0 0 0 0 0 0 0 0 0 0 3 -0.25 -0.125 0 0.125 0.25 -0.25 -0.125 0 0.125 0.25 -0.25 -0.125 0 0.125 0.25 -0.25 -0.125 0 0.125 0.25 -0.25 -0.125 0 0.125 0.25 -0.25 -0.125 0 0.125 0.25 -0.25 -0.125 0 0.125 0.25
0 0 0 0 0 0 0 0 0 0 0 0 0 0 0 0 0 0 0 0 0 0 0 0 0 0 0 0 0 0 0 0 0 0 0 0 0 0 0 0 0 0 0 0 0 0 0 0 0 0 0 0 0 0 0 0 0 0 0 0 0 0 0 0 0 0 0 0 0 0 0 0 0 0 0 0 0 0 0 0 0 0 0 0 0 0 0 0 0 0 0 0 0 -2 0 0.125 0.25 -0.25 -0.125 0 0.125 0.25 -0.25 -0.125 0 0.125 0.25 -0.25 -0.125 0 0.125 0.25 -0.25 -0.125 0 0.125 0.25 -0.25 -0.125 0 0.125 0.25 -0.25 -0.125 0 0.125 0.25 -0.25
0 0 0 0 0 0 0 0 0 0 0 0 0 0 0 0 0 0 0 0 0 0 0 0 0 0 0 0 0 0 0 0 0 0 0 0 0 0 0 0 0 0 0 0 0 0 0 0 0 0 0 0 0 0 0 0 0 0 0 0 0 0 0 0 0 0 0 0 0 0 0 0 0 0 0 0 0 0 0 0 0 0 0 0 0 0 0 0 0 0 0 0 0 0 3 0.25 -0.25 -0.125 0 0.125 0.25 -0.25 -0.125 0 0.125 0.25 -0.25 -0.125 0 0.125 0.25 -0.25 -0.125 0 0.125 0.25 -0.25 -0.125 0 0.125 0.25 -0.25 -0.125 0 0.125 0.25 -0.25 -0.125
0 0 0 0 0 0 0 0 0 0 0 0 0 0 0 0 0 0 0 0 0 0 0 0 0 0 0 0 0 0 0 0 0 0 0 0 0 0 0 0 0 0 0 0 0 0 0 0 0 0 0 0 0 0 0 0 0 0 0 0 0 0 0 0 0 0 0 0 0 0 0 0 0 0 0 0 0 0 0 0 0 0 0 0 0 0 0 0 0 0 0 0 0 0 0 -2 -0.125 0 0.125 0.25 -0.25 -0.125 0 0.125 0.25 -0.25 -0.125 0 0.125 0.25 -0.25 -0.125 0 0.125 0.25 -0.25 -0.125 0 0.125 0.25 -0.25 -0.125 0 0.125 0.25 -0.25 -0.125 0
0 0 0 0 0 0 0 0 0 0 0 0 0 0 0 0 0 0 0 0 0 0 0 0 0 0 0 0 0 0 0 0 0 0 0 0 0 0 0 0 0 0 0 0 0 0 0 0 0 0 0 0 0 0 0 0 0 0 0 0 0 0 0 0 0 0 0 0 0 0 0 0 0 0 0 0 0 0 0 0 0 0 0 0 0 0 0 0 0 0 0 0 0 0 0 0 3 0.125 0.25 -0.25 -0.125 0 0.125 0.25 -0.25 -0.125 0 0.125 0.25 -0.25 -0.125 0 0.125 0.25 -0.25 -0.125 0 0.125 0.25 -0.25 -0.125 0 0.125 0.25 -0.25 -0.125 0 0.125
0 0 0 0 0 0 0 0 0 0 0 0 0 0 0 0 0 0 0 0 0 0 0 0 0 0 0 0 0 0 0 0 0 0 0 0 0 0 0 0 0 0 0 0 0 0 0 0 0 0 0 0 0 0 0 0 0 0 0 0 0 0 0 0 0 0 0 0 0 0 0 0 0 0 0 0 0 0 0 0 0 0 0 0 0 0 0 0 0 0 0 0 0 0 0 0 0 -2 -0.25 -0.125 0 0.125 0.25 -0.25 -0.125 0 0.125 0.25 -0.25 -0.125 0 0.125 0.25 -0.25 -0.125 0 0.125 0.25 -0.25 -0.125 0 0.125 0.25 -0.25 -0.125 0 0.125 0.25
0 0 0 0 0 0 0 0 0 0 0 0 0 0 0 0 0 0 0 0 0 0 0 0 0 0 0 0 0 0 0 0 0 0 0 0 0 0 0 0 0 0 0 0 0 0 0 0 0 0 0 0 0 0 0 0 0 0 0 0 0 0 0 0 0 0 0 0 0 0 0 0 0 0 0 0 0 0 0 0 0 0 0 0 0 0 0 0 0 0 0 0 0 0 0 0 0 0 3 0 0.125 0.25 -0.25 -0.125 0 0.125 0.25 -0.25 -0.125 0 0.125 0.25 -0.25 -0.125 0 0.125 0.25 -0.25 -0.125 0 0.125 0.25 -0.25 -0.125 0 0.125 0.25 -0.25
0 0 0 0 0 0 0 0 0 0 0 0 0 0 0 0 0 0 0 0 0 0 0 0 0 0 0 0 0 0 0 0 0 0 0 0 0 0 0 0 0 0 0 0 0 0 0 0 0 0 0 0 0 0 0 0 0 0 0 0 0 0 0 0 0 0 0 0 0 0 0 0 0 0 0 0 0 0 0 0 0 0 0 0 0 0 0 0 0 0 0 0 0 0 0 0 0 0 0 -2 0.25 -0.25 -0.125 0 0.125 0.25 -0.25 -0.125 0 0.125 0.25 -0.25 -0.125 0 0.125 0.25 -0.25 -0.125 0 0.125 0.25 -0.25 -0.125 0 0.125 0.25 -0.25 -0.125
0 0 0 0 0 0 0 0 0 0 0 0 0 0 0 0 0 0 0 0 0 0 0 0 0 0 0 0 0 0 0 0 0 0 0 0 0 0 0 0 0 0 0 0 0 0 0 0 0 0 0 0 0 0 0 0 0 0 0 0 0 0 0 0 0 0 0 0 0 0 0 0 0 0 0 0 0 0 0 0 0 0 0 0 0 0 0 0 0 0 0 0 0 0 0 0 0 0 0 0 3 -0.125 0 0.125 0.25 -0.25 -0.125 0 0.125 0.25 -0.25 -0.125 0 0.125 0.25 -0.25 -0.125 0 0.125 0.25 -0.25 -0.125 0 0.125 0.25 -0.25 -0.125 0
0 0 0 0 0 0 0 0 0 0 0 0 0 0 0 0 0 0 0 0 0 0 0 0 0 0 0 0 0 0 0 0 0 0 0 0 0 0 0 0 0 0 0 0 0 0 0 0 0 0 0 0 0 0 0 0 0 0 0 0 0 0 0 0 0 0 0 0 0 0 0 0 0 0 0 0 0 0 0 0 0 0 0 0 0 0 0 0 0 0 0 0 0 0 0 0 0 0 0 0 0 -2 0.125 0.25 -0.25 -0.125 0 0.125 0.25 -0.25 -0.125 0 0.125 0.25 -0.25 -0.125 0 0.125 0.25 -0.25 -0.125 0 0.125 0.25 -0.25 -0.125 0 0.125
0 0 0 0 0 0 0 0 0 0 0 0 0 0 0 0 0 0 0 0 0 0 0 0 0 0 0 0 0 0 0 0 0 0 0 0 0 0 0 0 0 0 0 0 0 0 0 0 0 0 0 0 0 0 0 0 0 0 0 0 0 0 0 0 0 0 0 0 0 0 0 0 0 0 0 0 0 0 0 0 0 0 0 0 0 0 0 0 0 0 0 0 0 0 0 0 0 0 0 0 0 0 3 -0.25 -0.125 0 0.125 0.25 -0.25 -0.125 0 0.125 0.25 -0.25 -0.125 0 0.125 0.25 -0.25 -0.125 0 0.125 0.25 -0.25 -0.125 0 0.125 0.25
0 0 0 0 0 0 0 0 0 0 0 0 0 0 0 0 0 0 0 0 0 0 0 0 0 0 0 0 0 0 0 0 0 0 0 0 0 0 0 0 0 0 0 0 0 0 0 0 0 0 0 0 0 0 0 0 0 0 0 0 0 0 0 0 0 0 0 0 0 0 0 0 0 0 0 0 0 0 0 0 0 0 0 0 0 0 0 0 0 0 0 0 0 0 0 0 0 0 0 0 0 0 0 -2 0 0.125 0.25 -0.25 -0.125 0 0.125 0.25 -0.25 -0.125 0 0.125 0.25 -0.25 -0.125 0 0.125 0.25 -0.25 -0.125 0 0.125 0.25 -0.25
0 0 0 0 0 0 0 0 0 0 0 0 0 0 0 0 0 0 0 0 0 0 0 0 0 0 0 0 0 0 0 0 0 0 0 0 0 0 0 0 0 0 0 0 0 0 0 0 0 0 0 0 0 0 0 0 0 0 0 0 0 0 0 0 0 0 0 0 0 0 0 0 0 0 0 0 0 0 0 0 0 0 0 0 0 0 0 0 0 0 0 0 0 0 0 0 0 0 0 0 0 0 0 0 3 0.25 -0.25 -0.125 0 0.125 0.25 -0.25 -0.125 0 0.125 0.25 -0.25 -0.125 0 0.125 0.25 -0.25 -0.125 0 0.125 0.25 -0.25 -0.125
0 0 0 0 0 0 0 0 0 0 0 0 0 0 0 0 0 0 0 0 0 0 0 0 0 0 0 0 0 0 0 0 0 0 0 0 0 0 0 0 0 0 0 0 0 0 0 0 0 0 0 0 0 0 0 0 0 0 0 0 0 0 0 0 0 0 0 0 0 0 0 0 0 0 0 0 0 0 0 0 0 0 0 0 0 0 0 0 0 0 0 0 0 0 0 0 0 0 0 0 0 0 0 0 0 -2 -0.125 0 0.125 0.25 -0.25 -0.125 0 0.125 0.25 -0.25 -0.125 0 0.125 0.25 -0.25 -0.125 0 0.125 0.25 -0.25 -0.125 0
0 0 0 0 0 0 0 0 0 0 0 0 0 0 0 0 0 0 0 0 0 0 0 0 0 0 0 0 0 0 0 0 0 0 0 0 0 0 0 0 0 0 0 0 0 0 0 0 0 0 0 0 0 0 0 0 0 0 0 0 0 0 0 0 0 0 0 0 0 0 0 0 0 0 0 0 0 0 0 0 0 0 0 0 0 0 0 0 0 0 0 0 0 0 0 0 0 0 0 0 0 0 0 0 0 0 3 0.125 0.25 -0.25 -0.125 0 0.125 0.25 -0.25 -0.125 0 0.125 0.25 -0.25 -0.125 0 0.125 0.25 -0.25 -0.125 0 0.125
0 0 0 0 0 0 0 0 0 0 0 0 0 0 0 0 0 0 0 0 0 0 0 0 0 0 0 0 0 0 0 0 0 0 0 0 0 0 0 0 0 0 0 0 0 0 0 0 0 0 0 0 0 0 0 0 0 0 0 0 0 0 0 0 0 0 0 0 0 0 0 0 0 0 0 0 0 0 0 0 0 0 0 0 0 0 0 0 0 0 0 0 0 0 0 0 0 0 0 0 0 0 0 0 0 0 0 -2 -0.25 -0.125 0 0.125 0.25 -0.25 -0.125 0 0.125 0.25 -0.25 -0.125 0 0.125 0.25 -0.25 -0.125 0 0.125 0.25
0 0 0 0 0 0 0 0 0 0 0 0 0 0 0 0 0 0 0 0 0 0 0 0 0 0 0 0 0 0 0 0 0 0 0 0 0 0 0 0 0 0 0 0 0 0 0 0 0 0 0 0 0 0 0 0 0 0 0 0 0 0 0 0 0 0 0 0 0 0 0 0 0 0 0 0 0 0 0 0 0 0 0 0 0 0 0 0 0 0 0 0 0 0 0 0 0 0 0 0 0 0 0 0 0 0 0 0 3 0 0.125 0.25 -0.25 -0.125 0 0.125 0.25 -0.25 -0.125 0 0.125 0.25 -0.25 -0.125 0 0.125 0.25 -0.25
0 0 0 0 0 0 0 0 0 0 0 0 0 0 0 0 0 0 0 0 0 0 0 0 0 0 0 0 0 0 0 0 0 0 0 0 0 0 0 0 0 0 0 0 0 0 0 0 0 0 0 0 0 0 0 0 0 0 0 0 0 0 0 0 0 0 0 0 0 0 0 0 0 0 0 0 0 0 0 0 0 0 0 0 0 0 0 0 0 0 0 0 0 0 0 0 0 0 0 0 0 0 0 0 0 0 0 0 0 -2 0.25 -0.25 -0.125 0 0.125 0.25 -0.25 -0.125 0 0.125 0.25 -0.25 -0.125 0 0.125 0.25 -0.25 -0.125
0 0 0 0 0 0 0 0 0 0 0 0 0 0 0 0 0 0 0 0 0 0 0 0 0 0 0 0 0 0 0 0 0 0 0 0 0 0 0 0 0 0 0 0 0 0 0 0 0 0 0 0 0 0 0 0 0 0 0 0 0 0 0 0 0 0 0 0 0 0 0 0 0 0 0 0 0 0 0 0 0 0 0 0 0 0 0 0 0 0 0 0 0 0 0 0 0 0 0 0 0 0 0 0 0 0 0 0 0 0 3 -0.125 0 0.125 0.25 -0.25 -0.125 0 0.125 0.25 -0.25 -0.125 0 0.125 0.25 -0.25 -0.125 0
0 0 0 0 0 0 0 0 0 0 0 0 0 0 0 0 0 0 0 0 0 0 0 0 0 0 0 0 0 0 0 0 0 0 0 0 0 0 0 0 0 0 0 0 0 0 0 0 0 0 0 0 0 0 0 0 0 0 0 0 0 0 0 0 0 0 0 0 0 0 0 0 0 0 0 0 0 0 0 0 0 0 0 0 0 0 0 0 0 0 0 0 0 0 0 0 0 0 0 0 0 0 0 0 0 0 0 0 0 0 0 -2 0.125 0.25 -0.25 -0.125 0 0.125 0.25 -0.25 -0.125 0 0.125 0.25 -0.25 -0.125 0 0.125
0 0 0 0 0 0 0 0 0 0 0 0 0 0 0 0 0 0 0 0 0 0 0 0 0 0 0 0 0 0 0 0 0 0 0 0 0 0 0 0 0 0 0 0 0 0 0 0 0 0 0 0 0 0 0 0 0 0 0 0 0 0 0 0 0 0 0 0 0 0 0 0 0 0 0 0 0 0 0 0 0 0 0 0 0 0 0 0 0 0 0 0 0 0 0 0 0 0 0 0 0 0 0 0 0 0 0 0 0 0 0 0 3 -0.25 -0.125 0 0.125 0.25 -0.25 -0.125 0 0.125 0.25 -0.25 -0.125 0 0.125 0.25
0 0 0 0 0 0 0 0 0 0 0 0 0 0 0 0 0 0 0 0 0 0 0 0 0 0 0 0 0 0 0 0 0 0 0 0 0 0 0 0 0 0 0 0 0 0 0 0 0 0 0 0 0 0 0 0 0 0 0 0 0 0 0 0 0 0 0 0 0 0 0 0 0 0 0 0 0 0 0 0 0 0 0 0 0 0 0 0 0 0 0 0 0 0 0 0 0 0 0 0 0 0 0 0 0 0 0 0 0 0 0 0 0 -2 0 0.125 0.25 -0.25 -0.125 0 0.125 0.25 -0.25 -0.125 0 0.125 0.25 -0.25
0 0 0 0 0 0 0 0 0 0 0 0 0 0 0 0 0 0 0 0 0 0 0 0 0 0 0 0 0 0 0 0 0 0 0 0 0 0 0 0 0 0 0 0 0 0 0 0 0 0 0 0 0 0 0 0 0 0 0 0 0 0 0 0 0 0 0 0 0 0 0 0 0 0 0 0 0 0 0 0 0 0 0 0 0 0 0 0 0 0 0 0 0 0 0 0 0 0 0 0 0 0 0 0 0 0 0 0 0 0 0 0 0 0 3 0.25 -0.25 -0.125 0 0.125 0.25 -0.25 -0.125 0 0.125 0.25 -0.25 -0.125
0 0 0 0 0 0 0 0 0 0 0 0 0 0 0 0 0 0 0 0 0 0 0 0 0 0 0 0 0 0 0 0 0 0 0 0 0 0 0 0 0 0 0 0 0 0 0 0 0 0 0 0 0 0 0 0 0 0 0 0 0 0 0 0 0 0 0 0 0 0 0 0 0 0 0 0 0 0 0 0 0 0 0 0 0 0 0 0 0 0 0 0 0 0 0 0 0 0 0 0 0 0 0 0 0 0 0 0 0 0 0 0 0 0 0 -2 -0.125 0 0.125 0.25 -0.25 -0.125 0 0.125 0.25 -0.25 -0.125 0
0 0 0 0 0 0 0 0 0 0 0 0 0 0 0 0 0 0 0 0 0 0 0 0 0 0 0 0 0 0 0 0 0 0 0 0 0 0 0 0 0 0 0 0 0 0 0 0 0 0 0 0 0 0 0 0 0 0 0 0 0 0 0 0 0 0 0 0 0 0 0 0 0 0 0 0 0 0 0 0 0 0 0 0 0 0 0 0 0 0 0 0 0 0 0 0 0 0 0 0 0 0 0 0 0 0 0 0 0 0 0 0 0 0 0 0 3 0.125 0.25 -0.25 -0.125 0 0.125 0.25 -0.25 -0.125 0 0.125
0 0 0 0 0 0 0 0 0 0 0 0 0 0 0 0 0 0 0 0 0 0 0 0 0 0 0 0 0 0 0 0 0 0 0 0 0 0 0 0 0 0 0 0 0 0 0 0 0 0 0 0 0 0 0 0 0 0 0 0 0 0 0 0 0 0 0 0 0 0 0 0 0 0 0 0 0 0 0 0 0 0 0 0 0 0 0 0 0 0 0 0 0 0 0 0 0 0 0 0 0 0 0 0 0 0 0 0 0 0 0 0 0 0 0 0 0 -2 -0.25 -0.125 0 0.125 0.25 -0.25 -0.125 0 0.125 0.25
0 0 0 0 0 0 0 0 0 0 0 0 0 0 0 0 0 0 0 0 0 0 0 0 0 0 0 0 0 0 0 0 0 0 0 0 0 0 0 0 0 0 0 0 0 0 0 0 0 0 0 0 0 0 0 0 0 0 0 0 0 0 0 0 0 0 0 0 0 0 0 0 0 0 0 0 0 0 0 0 0 0 0 0 0 0 0 0 0 0 0 0 0 0 0 0 0 0 0 0 0 0 0 0 0 0 0 0 0 0 0 0 0 0 0 0 0 0 3 0 0.125 0.25 -0.25 -0.125 0 0.125 0.25 -0.25
0 0 0 0 0 0 0 0 0 0 0 0 0 0 0 0 0 0 0 0 0 0 0 0 0 0 0 0 0 0 0 0 0 0 0 0 0 0 0 0 0 0 0 0 0 0 0 0 0 0 0 0 0 0 0 0 0 0 0 0 0 0 0 0 0 0 0 0 0 0 0 0 0 0 0 0 0 0 0 0 0 0 0 0 0 0 0 0 0 0 0 0 0 0 0 0 0 0 0 0 0 0 0 0 0 0 0 0 0 0 0 0 0 0 0 0 0 0 0 -2 0.25 -0.25 -0.125 0 0.125 0.25 -0.25 -0.125
0 0 0 0 0 0 0 0 0 0 0 0 0 0 0 0 0 0 0 0 0 0 0 0 0 0 0 0 0 0 0 0 0 0 0 0 0 0 0 0 0 0 0 0 0 0 0 0 0 0 0 0 0 0 0 0 0 0 0 0 0 0 0 0 0 0 0 0 0 0 0 0 0 0 0 0 0 0 0 0 0 0 0 0 0 0 0 0 0 0 0 0 0 0 0 0 0 0 0 0 0 0 0 0 0 0 0 0 0 0 0 0 0 0 0 0 0 0 0 0 3 -0.125 0 0.125 0.25 -0.25 -0.125 0
0 0 0 0 0 0 0 0 0 0 0 0 0 0 0 0 0 0 0 0 0 0 0 0 0 0 0 0 0 0 0 0 0 0 0 0 0 0 0 0 0 0 0 0 0 0 0 0 0 0 0 0 0 0 0 0 0 0 0 0 0 0 0 0 0 0 0 0 0 0 0 0 0 0 0 0 0 0 0 0 0 0 0 0 0 0 0 0 0 0 0 0 0 0 0 0 0 0 0 0 0 0 0 0 0 0 0 0 0 0 0 0 0 0 0 0 0 0 0 0 0 -2 0.125 0.25 -0.25 -0.125 0 0.125
0 0 0 0 0 0 0 0 0 0 0 0 0 0 0 0 0 0 0 0 0 0 0 0 0 0 0 0 0 0 0 0 0 0 0 0 0 0 0 0 0 0 0 0 0 0 0 0 0 0 0 0 0 0 0 0 0 0 0 0 0 0 0 0 0 0 0 0 0 0 0 0 0 0 0 0 0 0 0 0 0 0 0 0 0 0 0 0 0 0 0 0 0 0 0 0 0 0 0 0 0 0 0 0 0 0 0 0 0 0 0 0 0 0 0 0 0 0 0 0 0 0 3 -0.25 -0.125 0 0.125 0.25
0 0 0 0 0 0 0 0 0 0 0 0 0 0 0 0 0 0 0 0 0 0 0 0 0 0 0 0 0 0 0 0 0 0 0 0 0 0 0 0 0 0 0 0 0 0 0 0 0 0 0 0 0 0 0 0 0 0 0 0 0 0 0 0 0 0 0 0 0 0 0 0 0 0 0 0 0 0 0 0 0 0 0 0 0 0 0 0 0 0 0 0 0 0 0 0 0 0 0 0 0 0 0 0 0 0 0 0 0 0 0 0 0 0 0 0 0 0 0 0 0 0 0 -2 0 0.125 0.25 -0.25
0 0 0 0 0 0 0 0 0 0 0 0 0 0 0 0 0 0 0 0 0 0 0 0 0 0 0 0 0 0 0 0 0 0 0 0 0 0 0 0 0 0 0 0 0 0 0 0 0 0 0 0 0 0 0 0 0 0 0 0 0 0 0 0 0 0 0 0 0 0 0 0 0 0 0 0 0 0 0 0 0 0 0 0 0 0 0 0 0 0 0 0 0 0 0 0 0 0 0 0 0 0 0 0 0 0 0 0 0 0 0 0 0 0 0 0 0 0 0 0 0 0 0 0 3 0.25 -0.25 -0.125
0 0 0 0 0 0 0 0 0 0 0 0 0 0 0 0 0 0 0 0 0 0 0 0 0 0 0 0 0 0 0 0 0 0 0 0 0 0 0 0 0 0 0 0 0 0 0 0 0 0 0 0 0 0 0 0 0 0 0 0 0 0 0 0 0 0 0 0 0 0 0 0 0 0 0 0 0 0 0 0 0 0 0 0 0 0 0 0 0 0 0 0 0 0 0 0 0 0 0 0 0 0 0 0 0 0 0 0 0 0 0 0 0 0 0 0 0 0 0 0 0 0 0 0 0 -2 -0.125 0
0 0 0 0 0 0 0 0 0 0 0 0 0 0 0 0 0 0 0 0 0 0 0 0 0 0 0 0 0 0 0 0 0 0 0 0 0 0 0 0 0 0 0 0 0 0 0 0 0 0 0 0 0 0 0 0 0 0 0 0 0 0 0 0 0 0 0 0 0 0 0 0 0 0 0 0 0 0 0 0 0 0 0 0 0 0 0 0 0 0 0 0 0 0 0 0 0 0 0 0 0 0 0 0 0 0 0 0 0 0 0 0 0 0 0 0 0 0 0 0 0 0 0 0 0 0 3 0.125
0 0 0 0 0 0 0 0 0 0 0 0 0 0 0 0 0 0 0 0 0 0 0 0 0 0 0 0 0 0 0 0 0 0 0 0 0 0 0 0 0 0 0 0 0 0 0 0 0 0 0 0 0 0 0 0 0 0 0 0 0 0 0 0 0 0 0 0 0 0 0 0 0 0 0 0 0 0 0 0 0 0 0 0 0 0 0 0 0 0 0 0 0 0 0 0 0 0 0 0 0 0 0 0 0 0 0 0 0 0 0 0 0 0 0 0 0 0 0 0 0 0 0 0 0 0 0 -2
B 0 0
input 128
-2.375 0.96875 -1.03125 0.21875 0.96875 -1.125 2.375 1.34375 -1.78125 0.71875 0.09375 -0.21875 1.03125 -1.625 -1.8125 1.09375 -0.96875 -0.34375 0.78125 -0.5625 2.34375 1.4375 -1.5 0.46875 0 -0.40625 1.59375 -1.8125 -2.34375 1.21875 -0.4375 0.03125 0.125 -0.9375 2.46875 1.375 -1.53125 0.21875 0.21875 -0.28125 1.375 -1.375 -2.40625 0.71875 -0.53125 0.09375 1.03125 -1.46875 2.125 1.9375 -1.40625 0.28125 -0.34375 -0.46875 1.9375 -1.40625 -2.3125 1 -0.78125 0 0.84375 -0.90625 1.9375 1.40625 -1.28125 0.8125 0.03125 -1.125 1.5625 -1.28125 -2.375 0.96875 -1.03125 0.21875 0.96875 -1.125 2.375 1.34375 -1.78125 0.71875 0.09375 -0.21875 1.03125 -1.625 -1.8125 1.09375 -0.96875 -0.34375 0.78125 -0.5625 2.34375 1.4375 -1.5 0.46875 0 -0.40625 1.59375 -1.8125 -2.34375 1.21875 -0.4375 0.03125 0.125 -0.9375 2.46875 1.375 -1.53125 0.21875 0.21875 -0.28125 1.375 -1.375 -2.40625 0.71875 -0.53125 0.09375 1.03125 -1.46875 2.125 1.9375 -1.40625 0.28125 -0.34375 -0.46875 1.9375 -1.40625 -2.3125 1
expected 128
-0.75 -0.5 -0.25 0 0.25 0.5 0.75 -0.75 -0.5 -0.25 0 0.25 0.5 0.75 -0.75 -0.5 -0.25 0 0.25 0.5 0.75 -0.75 -0.5 -0.25 0 0.25 0.5 0.75 -0.75 -0.5 -0.25 0 0.25 0.5 0.75 -0.75 -0.5 -0.25 0 0.25 0.5 0.75 -0.75 -0.5 -0.25 0 0.25 0.5 0.75 -0.75 -0.5 -0.25 0 0.25 0.5 0.75 -0.75 -0.5 -0.25 0 0.25 0.5 0.75 -0.75 -0.5 -0.25 0 0.25 0.5 0.75 -0.75 -0.5 -0.25 0 0.25 0.5 0.75 -0.75 -0.5 -0.25 0 0.25 0.5 0.75 -0.75 -0.5 -0.25 0 0.25 0.5 0.75 -0.75 -0.5 -0.25 0 0.25 0.5 0.75 -0.75 -0.5 -0.25 0 0.25 0.5 0.75 -0.75 -0.5 -0.25 0 0.25 0.5 0.75 -0.75 -0.5 -0.25 0 0.25 0.5 0.75 -0.75 -0.5 -0.25 0 0.25 0.5 0.75 -0.75 -0.5
end
